year	region	nwl_A	nwl_W	nwl_E	nwl_N	nwl_H	fwl_A	fwl_W	fwl_E	fwl_N	fwl_H	cwl_A	cwl_W	cwl_E	cwl_N	cwl_H
1975	1	3.9458	0.46673	0.59266	4.25063	30.15276	2.38465	0.23783	0.22677	2.89664	11.67319	1.75139	0.17205	0.08717	1.8879	2.79191
1976	1	3.9428	0.46689	0.59174	4.23944	30.15324	2.34223	0.23342	0.22402	2.86059	11.67335	1.72894	0.17016	0.08696	1.87634	2.79196
1977	1	3.94946	0.46816	0.59258	4.23694	30.15372	2.31685	0.23053	0.22224	2.833	11.67347	1.71199	0.16839	0.08671	1.86622	2.79201
1978	1	3.96433	0.47038	0.5949	4.2429	30.15422	2.31131	0.22952	0.22173	2.81837	11.67356	1.70349	0.16714	0.08648	1.85918	2.79205
1979	1	3.99328	0.47448	0.59945	4.26187	30.15477	2.3512	0.2324	0.2242	2.83659	11.67367	1.71478	0.16717	0.08638	1.86109	2.79209
1980	1	4.02477	0.47868	0.60491	4.28817	30.15538	2.39204	0.23635	0.22733	2.8637	11.67382	1.72864	0.16798	0.08636	1.86524	2.79213
1981	1	4.0525	0.48216	0.61011	4.316	30.15606	2.41278	0.23886	0.22954	2.88304	11.67401	1.73528	0.16872	0.08634	1.86695	2.79218
1982	1	4.07233	0.48448	0.61424	4.34053	30.15679	2.39732	0.23819	0.2295	2.8794	11.67421	1.72645	0.16857	0.0862	1.86179	2.79223
1983	1	4.09771	0.4879	0.61908	4.36853	30.15757	2.39035	0.23741	0.22983	2.87839	11.6744	1.71948	0.16811	0.08607	1.85718	2.79227
1984	1	4.12949	0.49214	0.62484	4.40166	30.15842	2.40065	0.23806	0.23116	2.88766	11.67459	1.71895	0.16786	0.08598	1.85533	2.79231
1985	1	4.1667	0.49701	0.63144	4.44036	30.15935	2.43048	0.24053	0.23369	2.91094	11.67481	1.72651	0.16813	0.08593	1.85727	2.79235
1986	1	4.19925	0.50085	0.63726	4.47782	30.16035	2.4298	0.24116	0.2347	2.91813	11.67505	1.72097	0.16801	0.08583	1.854	2.79239
1987	1	4.23665	0.50567	0.64377	4.51907	30.16143	2.44826	0.24262	0.23668	2.93616	11.6753	1.72295	0.16802	0.08576	1.85384	2.79243
1988	1	4.27851	0.511	0.6509	4.5644	30.1626	2.48163	0.24557	0.23966	2.96556	11.67558	1.73159	0.16848	0.08576	1.85699	2.79247
1989	1	4.32098	0.51626	0.65813	4.61148	30.16386	2.51838	0.24911	0.24298	2.9999	11.67591	1.74305	0.16931	0.08582	1.86189	2.79252
1990	1	4.36152	0.52112	0.66499	4.65832	30.16522	2.5424	0.25179	0.2457	3.0287	11.67628	1.74946	0.17005	0.08589	1.86524	2.79257
1991	1	4.38738	0.52352	0.66925	4.69526	30.16665	2.52257	0.25088	0.24568	3.02863	11.67666	1.7368	0.16973	0.08584	1.86025	2.79262
1992	1	4.41765	0.52718	0.67385	4.73249	30.16814	2.53409	0.25141	0.24712	3.04356	11.67704	1.73638	0.16952	0.08584	1.86012	2.79267
1993	1	4.44765	0.53067	0.67829	4.76881	30.1697	2.55749	0.25341	0.24918	3.06609	11.67744	1.74124	0.16967	0.08587	1.86237	2.79272
1994	1	4.4838	0.53513	0.68353	4.8088	30.17133	2.6127	0.25813	0.25328	3.11161	11.67789	1.76012	0.17074	0.08602	1.87153	2.79277
1995	1	4.51661	0.53889	0.68834	4.84712	30.17304	2.66851	0.26357	0.25762	3.16224	11.67841	1.78194	0.17241	0.08625	1.88293	2.79283
1996	1	4.54126	0.54142	0.69187	4.87967	30.17481	2.69564	0.26691	0.26045	3.19789	11.67898	1.79306	0.1738	0.08648	1.89057	2.7929
1997	1	4.57203	0.54524	0.69624	4.91502	30.17664	2.75151	0.27183	0.26491	3.2519	11.67961	1.81629	0.17562	0.08682	1.90426	2.79297
1998	1	4.60133	0.54866	0.70047	4.94928	30.17854	2.81151	0.27762	0.26969	3.31121	11.68031	1.8486	0.17816	0.08729	1.9229	2.79305
1999	1	4.6275	0.55163	0.70427	4.98144	30.1805	2.86171	0.28279	0.27403	3.36706	11.68109	1.87734	0.18087	0.08783	1.94144	2.79315
2000	1	4.65127	0.55437	0.70778	5.01148	30.18251	2.90299	0.28708	0.27753	3.41694	11.68193	1.90224	0.18343	0.08843	1.9594	2.79326
2001	1	4.66942	0.55633	0.71053	5.03695	30.18457	2.92431	0.28965	0.27965	3.45257	11.68282	1.91888	0.18548	0.08903	1.97428	2.79338
2002	1	4.68849	0.55864	0.71342	5.06161	30.18667	2.94819	0.29198	0.28164	3.48671	11.68374	1.93556	0.18728	0.08966	1.98949	2.7935
2003	1	4.70673	0.56083	0.71626	5.08491	30.18881	2.9699	0.29416	0.28322	3.51694	11.68469	1.95267	0.189	0.09031	2.00505	2.79363
2004	1	4.7241	0.56291	0.71901	5.10715	30.19099	2.98574	0.29584	0.28421	3.54135	11.68567	1.97996	0.19104	0.09085	2.02362	2.79377
2005	1	4.73768	0.56444	0.72127	5.12631	30.19321	2.98968	0.29649	0.28452	3.5562	11.68667	1.99912	0.19302	0.09139	2.03927	2.79392
2006	1	4.75	0.56592	0.72336	5.14342	30.19546	2.98794	0.29647	0.28426	3.56399	11.68767	2.01266	0.19465	0.09195	2.05277	2.79408
2007	1	4.77029	0.5687	0.72662	5.16502	30.19774	3.01949	0.29884	0.28628	3.5921	11.68869	2.04146	0.19686	0.09261	2.07321	2.79425
2008	1	4.78338	0.57014	0.72902	5.18257	30.20006	3.03225	0.30038	0.28643	3.60613	11.68974	2.08421	0.20003	0.09331	2.09942	2.79443
2009	1	4.7902	0.57067	0.73028	5.1953	30.2024	3.00943	0.29895	0.28506	3.59816	11.69078	2.09679	0.20224	0.09393	2.11385	2.79462
2010	1	4.81264	0.57395	0.73375	5.21689	30.20478	3.04208	0.30097	0.28676	3.62188	11.69183	2.12053	0.20443	0.09463	2.13311	2.79482
2011	1	4.83503	0.57666	0.73727	5.2401	30.2072	3.07325	0.30399	0.28887	3.64883	11.69292	2.13673	0.20631	0.09532	2.14959	2.79503
2012	1	4.85729	0.57932	0.74075	5.26418	30.20967	3.0948	0.30633	0.29042	3.67152	11.69404	2.14347	0.20754	0.09599	2.16201	2.79524
2013	1	4.88584	0.58305	0.74525	5.29342	30.2122	3.1427	0.31044	0.29341	3.71151	11.69521	2.1656	0.20918	0.09668	2.18048	2.79546
2014	1	4.91313	0.58629	0.74957	5.32317	30.21479	3.18383	0.31461	0.29653	3.75177	11.69643	2.18797	0.21115	0.09742	2.19972	2.79569
2015	1	4.94291	0.58998	0.75429	5.35539	30.21744	3.2399	0.31981	0.30082	3.80419	11.69771	2.22129	0.21376	0.09821	2.22403	2.79593
2016	1	4.97596	0.59407	0.75945	5.39095	30.22016	3.30658	0.32611	0.3058	3.86679	11.69907	2.26626	0.21731	0.09912	2.2545	2.79619
1975	2	4.21563	0.57659	0.65372	4.33284	29.31961	1.344	0.13411	0.14021	1.65512	6.0765	0.87488	0.08555	0.04389	0.9371	1.28949
1976	2	4.15946	0.49236	0.69089	4.28467	29.32065	1.33038	0.13284	0.13876	1.64343	6.0767	0.87024	0.08524	0.04384	0.93488	1.28953
1977	2	4.11313	0.48402	0.6549	4.23682	29.3215	1.32227	0.13189	0.13771	1.63446	6.07689	0.86749	0.08496	0.0438	0.93331	1.28957
1978	2	4.07851	0.47959	0.6282	4.21529	29.32226	1.32202	0.13162	0.13719	1.63032	6.07707	0.86803	0.08484	0.04378	0.93307	1.28961
1979	2	4.05396	0.47652	0.60848	4.1941	29.32296	1.32676	0.13193	0.13714	1.63038	6.07725	0.87101	0.08494	0.04379	0.934	1.28965
1980	2	4.03586	0.4743	0.59394	4.17449	29.32362	1.33442	0.13259	0.13743	1.63369	6.07744	0.87656	0.08527	0.04384	0.93629	1.28969
1981	2	4.01977	0.47226	0.58293	4.15571	29.32424	1.33657	0.13293	0.13746	1.63462	6.07763	0.87977	0.08559	0.04388	0.93779	1.28974
1982	2	4.00559	0.47055	0.5746	4.13799	29.32483	1.33688	0.13303	0.13742	1.63461	6.07782	0.88248	0.08589	0.04393	0.93917	1.28979
1983	2	3.9939	0.46921	0.5684	4.12212	29.3254	1.33819	0.13314	0.13748	1.6354	6.07801	0.88555	0.08619	0.04399	0.94085	1.28984
1984	2	3.9978	0.47068	0.56617	4.11716	29.32596	1.3429	0.13352	0.13791	1.63908	6.07821	0.8888	0.08649	0.04405	0.94274	1.28989
1985	2	4.01193	0.47325	0.5668	4.12174	29.32654	1.34623	0.13387	0.13838	1.64251	6.07841	0.89092	0.08674	0.04411	0.94417	1.28994
1986	2	4.03508	0.47682	0.56972	4.13576	29.32715	1.34863	0.13415	0.13894	1.64599	6.07861	0.89187	0.08691	0.04416	0.94515	1.28999
1987	2	4.0686	0.48171	0.57488	4.16038	29.32781	1.36319	0.13528	0.14029	1.65756	6.07882	0.897	0.08723	0.04423	0.94797	1.29004
1988	2	4.10801	0.48707	0.5814	4.19309	29.32853	1.37725	0.13665	0.14176	1.67037	6.07905	0.90176	0.08762	0.04431	0.95079	1.29009
1989	2	4.15318	0.49306	0.58905	4.23338	29.32933	1.39224	0.13813	0.14342	1.68508	6.07929	0.90663	0.08806	0.0444	0.95384	1.29014
1990	2	4.20129	0.49921	0.59728	4.27916	29.33021	1.39952	0.13907	0.14473	1.69597	6.07954	0.90802	0.08835	0.04448	0.95551	1.2902
1991	2	4.24165	0.5037	0.60416	4.32279	29.33117	1.39257	0.13882	0.14512	1.69746	6.0798	0.90317	0.08825	0.04451	0.95439	1.29025
1992	2	4.28151	0.50841	0.61076	4.36667	29.3322	1.39536	0.1389	0.14593	1.70329	6.08006	0.90191	0.08813	0.04455	0.95453	1.2903
1993	2	4.32058	0.51299	0.61704	4.41039	29.3333	1.40189	0.13945	0.14695	1.7113	6.08032	0.90207	0.08809	0.0446	0.95521	1.29035
1994	2	4.36024	0.5177	0.62323	4.4546	29.33447	1.41542	0.1406	0.14841	1.72413	6.08059	0.90509	0.08822	0.04468	0.95718	1.2904
1995	2	4.39821	0.5221	0.62907	4.49793	29.3357	1.42804	0.14187	0.14985	1.73719	6.08088	0.90806	0.08844	0.04476	0.9592	1.29046
1996	2	4.43356	0.52612	0.63442	4.5394	29.337	1.43394	0.14265	0.15092	1.74653	6.08118	0.90866	0.08858	0.04484	0.96024	1.29052
1997	2	4.46977	0.5304	0.63981	4.58094	29.33836	1.44534	0.14367	0.15229	1.75916	6.08149	0.91136	0.08878	0.04493	0.96219	1.29058
1998	2	4.50644	0.53475	0.64525	4.62249	29.33979	1.46314	0.14526	0.15404	1.77618	6.08181	0.92857	0.08971	0.04512	0.97056	1.29064
1999	2	4.54234	0.53895	0.65055	4.66348	29.34128	1.48059	0.14699	0.15581	1.79395	6.08215	0.94521	0.091	0.04535	0.97939	1.2907
2000	2	4.57841	0.5432	0.65585	4.70448	29.34283	1.49914	0.14881	0.15766	1.81319	6.08251	0.96133	0.09243	0.04562	0.98868	1.29077
2001	2	4.61424	0.5474	0.66109	4.7453	29.34445	1.51786	0.15066	0.15953	1.83325	6.08289	0.97682	0.0939	0.04592	0.99828	1.29084
2002	2	4.64925	0.55148	0.66621	4.78552	29.34613	1.5348	0.15239	0.16129	1.85267	6.08329	0.99095	0.09532	0.04625	1.00778	1.29092
2003	2	4.6851	0.55573	0.67142	4.82606	29.34787	1.55511	0.15433	0.16326	1.87457	6.08371	1.00791	0.09685	0.04662	1.01897	1.291
2004	2	4.72107	0.55991	0.67657	4.86654	29.34968	1.5768	0.15644	0.16536	1.89806	6.08415	1.02616	0.09846	0.04698	1.03094	1.29109
2005	2	4.75573	0.56388	0.6815	4.90611	29.35155	1.59599	0.15841	0.16736	1.92057	6.08462	1.04258	0.10006	0.04737	1.0426	1.29119
2006	2	4.78813	0.56753	0.68605	4.94401	29.35348	1.60815	0.15982	0.16894	1.93876	6.0851	1.05547	0.10148	0.04776	1.05312	1.29129
2007	2	4.82219	0.57152	0.69076	4.9823	29.35546	1.63181	0.16189	0.1712	1.96381	6.0856	1.07257	0.10302	0.04821	1.06574	1.2914
2008	2	4.85301	0.57493	0.69499	5.01869	29.3575	1.65948	0.16447	0.17349	1.99129	6.08613	1.11112	0.10561	0.04878	1.08794	1.29151
2009	2	4.87638	0.57715	0.69798	5.04997	29.35959	1.6649	0.16559	0.17457	2.00584	6.08668	1.13459	0.10807	0.04933	1.10492	1.29163
2010	2	4.90336	0.58033	0.70141	5.08178	29.36172	1.68825	0.1675	0.17664	2.03032	6.08725	1.16235	0.11064	0.04996	1.12437	1.29176
2011	2	4.92915	0.58319	0.70463	5.11233	29.3639	1.71127	0.16974	0.17868	2.05519	6.08784	1.18807	0.11318	0.05063	1.14367	1.2919
2012	2	4.95524	0.58613	0.70786	5.1423	29.36612	1.73188	0.17184	0.18068	2.07926	6.08845	1.21208	0.11561	0.05132	1.16278	1.29205
2013	2	4.99076	0.5906	0.7124	5.17682	29.36839	1.75955	0.17441	0.18329	2.10852	6.08909	1.23745	0.11805	0.05206	1.1829	1.29221
2014	2	5.03198	0.59562	0.7178	5.21551	29.37073	1.78712	0.17714	0.18611	2.13915	6.08976	1.26174	0.12045	0.05283	1.20313	1.29238
2015	2	5.07767	0.60112	0.72389	5.25825	29.37314	1.81427	0.17986	0.18903	2.17052	6.09046	1.28437	0.12275	0.05362	1.22306	1.29256
2016	2	5.12627	0.60689	0.73045	5.30427	29.37563	1.84083	0.18254	0.19205	2.20226	6.09119	1.31375	0.12533	0.05448	1.2463	1.29274