year	region	nwl_A	nwl_W	nwl_E	nwl_N	nwl_H	fwl_A	fwl_W	fwl_E	fwl_N	fwl_H	cwl_A	cwl_W	cwl_E	cwl_N	cwl_H
1975	1	3.85607	0.45824	0.58348	4.11329	28.74124	2.30482	0.22965	0.21953	2.783	11.12708	1.66992	0.16369	0.08228	1.78827	2.6615
1976	1	3.87224	0.46041	0.58575	4.12634	28.74191	2.27296	0.22633	0.21791	2.75996	11.12728	1.65217	0.16228	0.08217	1.77998	2.66155
1977	1	3.89496	0.46336	0.58903	4.14515	28.74262	2.25683	0.22439	0.21711	2.74433	11.12745	1.63954	0.16096	0.08204	1.77314	2.66159
1978	1	3.92351	0.467	0.59325	4.16973	28.74339	2.25951	0.22422	0.21746	2.74063	11.12761	1.63504	0.16012	0.08194	1.76936	2.66163
1979	1	3.96423	0.47232	0.5993	4.20492	28.74423	2.30682	0.22784	0.22068	2.76882	11.12779	1.65006	0.16053	0.08196	1.77449	2.66167
1980	1	4.00591	0.47758	0.60596	4.24534	28.74516	2.35441	0.23248	0.22447	2.80503	11.12803	1.66742	0.16169	0.08207	1.78182	2.66172
1981	1	4.04246	0.48196	0.61213	4.28547	28.74617	2.38128	0.23561	0.22726	2.83268	11.12831	1.67735	0.16277	0.08218	1.78666	2.66177
1982	1	4.06994	0.48507	0.61706	4.32072	28.74725	2.37132	0.23551	0.22773	2.83664	11.12861	1.6716	0.16294	0.08218	1.78457	2.66182
1983	1	4.10197	0.48917	0.62256	4.35804	28.7484	2.36928	0.23523	0.22851	2.84256	11.12891	1.66753	0.16278	0.08218	1.78297	2.66187
1984	1	4.13955	0.49401	0.62888	4.39929	28.74963	2.38405	0.23633	0.23024	2.85813	11.12922	1.66974	0.16281	0.08222	1.78406	2.66192
1985	1	4.18184	0.49941	0.63597	4.44508	28.75095	2.41798	0.23921	0.23313	2.88715	11.12956	1.6799	0.16334	0.0823	1.78887	2.66197
1986	1	4.21884	0.50371	0.6422	4.48874	28.75235	2.42104	0.24023	0.23446	2.89958	11.12992	1.67682	0.16347	0.08233	1.7884	2.66202
1987	1	4.26015	0.50894	0.64907	4.53542	28.75384	2.4429	0.24202	0.23674	2.92239	11.1303	1.68114	0.16372	0.08239	1.79098	2.66207
1988	1	4.30546	0.51462	0.65652	4.58551	28.75543	2.4794	0.24528	0.23998	2.95616	11.13072	1.69202	0.16441	0.08251	1.79679	2.66213
1989	1	4.35095	0.52019	0.66403	4.63675	28.75712	2.5186	0.24909	0.24352	2.99422	11.13119	1.70541	0.16545	0.08269	1.8042	2.66219
1990	1	4.39415	0.52533	0.67114	4.68726	28.7589	2.54475	0.25199	0.24644	3.0263	11.1317	1.71361	0.16638	0.08288	1.80994	2.66226
1991	1	4.42292	0.52806	0.67572	4.72775	28.76076	2.52709	0.2513	0.24661	3.02937	11.13222	1.70272	0.16624	0.08295	1.8073	2.66233
1992	1	4.45326	0.53156	0.68017	4.7669	28.76269	2.53971	0.25196	0.24814	3.04653	11.13274	1.70374	0.16618	0.08307	1.80934	2.6624
1993	1	4.48171	0.53474	0.68417	4.80366	28.76469	2.56352	0.25402	0.25022	3.07051	11.13329	1.7098	0.16647	0.08321	1.81359	2.66247
1994	1	4.51448	0.53865	0.68865	4.8424	28.76676	2.61835	0.25871	0.25425	3.11661	11.13389	1.72959	0.16765	0.08346	1.82455	2.66254
1995	1	4.5418	0.54158	0.69233	4.87752	28.7689	2.67282	0.26404	0.25842	3.16682	11.13456	1.75199	0.1694	0.08379	1.83753	2.66262
1996	1	4.56018	0.54326	0.6946	4.90553	28.7711	2.69805	0.26721	0.26102	3.20133	11.13529	1.76345	0.17085	0.08411	1.84657	2.66271
1997	1	4.58715	0.54672	0.69817	4.93692	28.77335	2.75274	0.27199	0.26531	3.25441	11.13607	1.78717	0.17272	0.08453	1.86162	2.6628
1998	1	4.60982	0.54918	0.70118	4.96563	28.77566	2.81037	0.27757	0.26982	3.31183	11.13692	1.81958	0.1753	0.08508	1.8814	2.6629
1999	1	4.62639	0.5508	0.70325	4.99007	28.77802	2.85679	0.28241	0.27376	3.36455	11.13785	1.84794	0.17801	0.08569	1.9008	2.66302
2000	1	4.63712	0.55174	0.70443	5.00956	28.78043	2.89257	0.28619	0.2767	3.40972	11.13884	1.87186	0.18053	0.08635	1.91929	2.66315
2001	1	4.64257	0.55214	0.7049	5.02339	28.78286	2.90813	0.28819	0.27822	3.43994	11.13987	1.8873	0.18249	0.087	1.93449	2.66329
2002	1	4.65294	0.55359	0.70626	5.03787	28.78531	2.92757	0.29005	0.27972	3.46919	11.14093	1.90304	0.1842	0.08767	1.94998	2.66344
2003	1	4.66269	0.55479	0.7077	5.05135	28.78779	2.94487	0.29179	0.28083	3.49443	11.14202	1.91916	0.18582	0.08836	1.96569	2.66359
2004	1	4.67565	0.55658	0.70982	5.06623	28.79029	2.95788	0.29315	0.28151	3.5149	11.14313	1.94547	0.18777	0.08893	1.98431	2.66375
2005	1	4.68324	0.55736	0.71124	5.07802	28.79282	2.95844	0.29347	0.28147	3.52554	11.14425	1.96346	0.18965	0.0895	1.99986	2.66392
2006	1	4.68408	0.55719	0.71153	5.08496	28.79537	2.95113	0.29293	0.28067	3.52749	11.14538	1.97512	0.19114	0.09008	2.0129	2.6641
2007	1	4.692	0.55839	0.71277	5.09507	28.79795	2.97641	0.29472	0.28208	3.54903	11.14653	2.00172	0.19318	0.09075	2.03264	2.66429
2008	1	4.6847	0.55692	0.71171	5.09588	28.80055	2.97934	0.29536	0.28129	3.55364	11.14771	2.041	0.19612	0.09145	2.05759	2.66449
2009	1	4.67665	0.55588	0.71041	5.093	28.80314	2.94863	0.29308	0.27913	3.53691	11.14887	2.05048	0.19805	0.09207	2.07072	2.6647
2010	1	4.68782	0.55798	0.71205	5.10082	28.80573	2.97437	0.29442	0.28015	3.55244	11.15003	2.07121	0.19995	0.09275	2.08855	2.66492
2011	1	4.69863	0.55933	0.71377	5.11064	28.80835	2.99818	0.29673	0.28156	3.57102	11.15122	2.08418	0.20152	0.09342	2.10336	2.66515
2012	1	4.70497	0.55987	0.71472	5.11902	28.811	3.01081	0.29821	0.28228	3.58411	11.15244	2.08718	0.20241	0.09405	2.11376	2.66539
2013	1	4.71457	0.56113	0.71616	5.12995	28.81367	3.0497	0.30145	0.28437	3.61409	11.15369	2.10582	0.20371	0.09469	2.13015	2.66563
2014	1	4.72125	0.56179	0.71713	5.13929	28.81636	3.08186	0.30473	0.28655	3.64414	11.15499	2.12492	0.20536	0.09537	2.14728	2.66588
2015	1	4.72102	0.56137	0.71685	5.14469	28.81908	3.12563	0.3088	0.28958	3.6838	11.15635	2.15418	0.20764	0.0961	2.16914	2.66614
2016	1	4.72492	0.56189	0.71709	5.15137	28.82182	3.17996	0.31389	0.29325	3.73312	11.15778	2.19515	0.21086	0.09694	2.19711	2.66642
2017	1	4.72733	0.56197	0.71698	5.15637	28.82458	3.22757	0.31874	0.29703	3.78275	11.15929	2.23096	0.21432	0.0979	2.22478	2.66672
1975	2	3.99052	0.55617	0.62289	4.06047	27.89508	1.26285	0.1257	0.13184	1.55003	5.78141	0.81775	0.07979	0.04087	0.87371	1.22702
1976	2	3.98667	0.47626	0.66919	4.0464	27.89607	1.26005	0.12553	0.13166	1.54834	5.78158	0.81653	0.07974	0.04086	0.87319	1.22706
1977	2	3.98015	0.4719	0.64049	4.03239	27.89693	1.26127	0.12556	0.13173	1.54897	5.78175	0.81695	0.07974	0.04086	0.87336	1.2271
1978	2	3.97711	0.47083	0.6194	4.04304	27.89777	1.26922	0.12615	0.1322	1.55395	5.78192	0.82044	0.07991	0.04089	0.87487	1.22714
1979	2	3.97849	0.47051	0.60402	4.05171	27.8986	1.28128	0.12721	0.13302	1.5626	5.7821	0.82618	0.08028	0.04096	0.87757	1.22718
1980	2	3.98229	0.47058	0.59287	4.05935	27.89943	1.29553	0.12855	0.13409	1.57398	5.78229	0.83432	0.08087	0.04107	0.88163	1.22722
1981	2	3.98503	0.4705	0.58452	4.0652	27.90026	1.30366	0.12951	0.13481	1.58247	5.7825	0.83997	0.08144	0.04117	0.88491	1.22726
1982	2	3.98724	0.47047	0.57832	4.06961	27.90109	1.30941	0.13016	0.13538	1.58953	5.78271	0.84497	0.08197	0.04129	0.88806	1.2273
1983	2	3.98994	0.47062	0.57383	4.07355	27.90192	1.31568	0.13079	0.13598	1.59692	5.78293	0.85021	0.08249	0.04142	0.89149	1.22735
1984	2	4.00658	0.47342	0.573	4.08628	27.90277	1.32494	0.13162	0.1369	1.60674	5.78316	0.85551	0.083	0.04155	0.89513	1.2274
1985	2	4.0321	0.47718	0.57481	4.10666	27.90365	1.33247	0.13241	0.13781	1.61589	5.7834	0.85958	0.08345	0.04168	0.89828	1.22745
1986	2	4.06548	0.48182	0.57873	4.13478	27.90458	1.33874	0.13308	0.13876	1.62469	5.78364	0.86238	0.08381	0.0418	0.90096	1.2275
1987	2	4.10824	0.48769	0.58477	4.17202	27.90558	1.35689	0.13457	0.14047	1.6412	5.7839	0.86927	0.08432	0.04195	0.90546	1.22755
1988	2	4.15603	0.49393	0.59208	4.21607	27.90666	1.37432	0.13628	0.14227	1.65862	5.78417	0.87572	0.08488	0.0421	0.90994	1.2276
1989	2	4.20881	0.50072	0.60045	4.26657	27.90782	1.39247	0.13807	0.14423	1.67763	5.78446	0.88221	0.08548	0.04227	0.91462	1.22766
1990	2	4.26386	0.50761	0.60934	4.32158	27.90907	1.40268	0.13932	0.14581	1.69253	5.78477	0.88515	0.08593	0.04242	0.91789	1.22772
1991	2	4.31222	0.51306	0.61709	4.37431	27.91041	1.39872	0.13937	0.14648	1.69802	5.78508	0.88186	0.08599	0.04252	0.91839	1.22778
1992	2	4.3539	0.51758	0.62369	4.42445	27.91183	1.40328	0.13966	0.14745	1.70686	5.7854	0.88181	0.08602	0.04263	0.92001	1.22784
1993	2	4.39438	0.52221	0.62988	4.4731	27.91333	1.41135	0.14036	0.1486	1.7175	5.78573	0.88309	0.0861	0.04275	0.92213	1.2279
1994	2	4.43639	0.52718	0.63612	4.52173	27.9149	1.42647	0.14167	0.15019	1.73282	5.78607	0.88722	0.08635	0.0429	0.92551	1.22796
1995	2	4.47396	0.53132	0.64163	4.56779	27.91654	1.44012	0.14305	0.15169	1.74779	5.78643	0.89113	0.08666	0.04305	0.92885	1.22802
1996	2	4.50719	0.53491	0.64638	4.61042	27.91825	1.44659	0.14391	0.15277	1.75855	5.7868	0.89251	0.0869	0.04319	0.93112	1.22808
1997	2	4.54415	0.53939	0.65161	4.65349	27.92002	1.45895	0.14502	0.1542	1.77273	5.78718	0.89608	0.08719	0.04335	0.93431	1.22814
1998	2	4.57567	0.54275	0.65605	4.69381	27.92186	1.47659	0.14662	0.15588	1.79032	5.78758	0.91383	0.08818	0.0436	0.94376	1.22821
1999	2	4.6022	0.54549	0.65969	4.73061	27.92376	1.49293	0.14826	0.15748	1.80775	5.788	0.93072	0.08952	0.04389	0.95352	1.22828
2000	2	4.62578	0.54795	0.66279	4.76454	27.92572	1.50954	0.14991	0.15906	1.82579	5.78844	0.94681	0.09098	0.04421	0.96359	1.22836
2001	2	4.64837	0.55042	0.6657	4.79636	27.92773	1.52592	0.15154	0.16061	1.84408	5.7889	0.96209	0.09245	0.04456	0.97385	1.22844
2002	2	4.67509	0.55372	0.66924	4.8285	27.92978	1.54123	0.15309	0.16213	1.86201	5.78937	0.97617	0.09387	0.04493	0.984	1.22853
2003	2	4.70074	0.55663	0.67267	4.85995	27.93189	1.55947	0.15483	0.16382	1.88198	5.78987	0.99291	0.09539	0.04535	0.99573	1.22862
2004	2	4.72974	0.56015	0.67659	4.89238	27.93404	1.57959	0.15677	0.1657	1.90379	5.79039	1.01105	0.09699	0.04575	1.00824	1.22872
2005	2	4.75464	0.56281	0.67994	4.92286	27.93625	1.59662	0.15854	0.16742	1.92414	5.79093	1.02717	0.09858	0.04617	1.02033	1.22882
2006	2	4.77391	0.56467	0.68242	4.94981	27.93851	1.60586	0.15968	0.16864	1.93948	5.79149	1.03948	0.09997	0.04659	1.03113	1.22893
2007	2	4.79169	0.5665	0.68456	4.97494	27.94082	1.62581	0.16141	0.17045	1.96092	5.79207	1.0557	0.10146	0.04707	1.04389	1.22905
2008	2	4.80162	0.56709	0.68549	4.99493	27.94318	1.64856	0.16353	0.17217	1.98371	5.79268	1.09291	0.10398	0.04767	1.06603	1.22918
2009	2	4.80873	0.56757	0.68584	5.01039	27.94555	1.64972	0.1642	0.17274	1.99375	5.7933	1.11511	0.10634	0.04824	1.08291	1.22932
2010	2	4.81886	0.56871	0.68659	5.02573	27.94795	1.66863	0.16567	0.17428	2.01341	5.79394	1.14147	0.1088	0.04889	1.10217	1.22946
2011	2	4.82512	0.56908	0.68678	5.03818	27.95038	1.68639	0.16742	0.17572	2.03275	5.7946	1.16542	0.11121	0.04958	1.1211	1.22961
2012	2	4.83325	0.56988	0.68713	5.04987	27.95283	1.70158	0.16898	0.17708	2.05093	5.79528	1.18761	0.11348	0.05029	1.13975	1.22977
2013	2	4.85208	0.57216	0.68868	5.06575	27.95531	1.72291	0.17095	0.17891	2.07327	5.79598	1.21114	0.11576	0.05104	1.15932	1.22994
2014	2	4.87603	0.57483	0.69081	5.0851	27.95783	1.74323	0.17298	0.18079	2.0959	5.79671	1.23358	0.11799	0.05181	1.17895	1.23012
2015	2	4.8969	0.57669	0.69237	5.10454	27.96041	1.76062	0.17479	0.18248	2.11703	5.79747	1.25369	0.1201	0.0526	1.19802	1.23031
2016	2	4.92391	0.57987	0.69496	5.12834	27.96306	1.77741	0.17649	0.18429	2.13822	5.79826	1.28018	0.12245	0.05346	1.2202	1.23051
2017	2	4.96723	0.58574	0.70045	5.16385	27.96579	1.7997	0.1786	0.18681	2.16408	5.79907	1.30572	0.12488	0.05436	1.24251	1.23072