year	region	nwl_A	nwl_W	nwl_E	nwl_N	fwl_A	fwl_W	fwl_E	fwl_N	cwl_A	cwl_W	cwl_E	cwl_N
1975	1	0.941065158	0.299893912	0.151137602	0.377736695	0.276152789	0.009384519	0.026280519	0.192229939	0.075061246	0.001978628	0.000332056	0.031530721
1976	1	0.95280586	0.302946843	0.152663732	0.383219068	0.279895571	0.009567915	0.02676732	0.195419723	0.075922504	0.002032012	0.00036208	0.032073077
1977	1	0.965472858	0.306342641	0.15436121	0.389368548	0.290689327	0.009934926	0.02756707	0.202372919	0.079612515	0.002142828	0.000389605	0.033725902
1978	1	0.97913939	0.310106633	0.156242923	0.39589447	0.309064941	0.010539474	0.028745857	0.213343299	0.087022143	0.00236019	0.000443247	0.036842348
1979	1	1.001778843	0.316351467	0.15936438	0.407652151	0.360955074	0.012179097	0.031801023	0.244109318	0.107222284	0.002919849	0.000554413	0.045575546
1980	1	1.014336236	0.32087332	0.161625128	0.415029466	0.372496314	0.012585841	0.032719512	0.251846636	0.111236837	0.003044763	0.000587396	0.047441624
1981	1	1.0189406	0.323312322	0.16284492	0.418105417	0.359108648	0.012157984	0.032114109	0.244344318	0.105144264	0.002862465	0.000542464	0.044720102
1982	1	1.016463091	0.323860064	0.163119438	0.417400082	0.321997663	0.010942162	0.030087361	0.222547556	0.089604648	0.002393954	0.000424618	0.037770994
1983	1	1.02697355	0.327838657	0.165108744	0.4235613	0.326837292	0.011139694	0.03061723	0.226219412	0.090762658	0.002442487	0.000445255	0.038355416
1984	1	1.040355127	0.33265197	0.16751526	0.431347491	0.344109111	0.011717719	0.031817722	0.237033619	0.096947749	0.00262536	0.000489477	0.041075586
1985	1	1.054457594	0.337763648	0.170070765	0.439880691	0.36814828	0.012444692	0.033281756	0.251406222	0.105510286	0.002836955	0.000513421	0.044705553
1986	1	1.057959714	0.33963708	0.171007655	0.442296609	0.339797764	0.011615106	0.032040554	0.236311166	0.092565705	0.002498036	0.000456156	0.039403534
1987	1	1.070806198	0.344421242	0.173399591	0.449982024	0.359982728	0.012232018	0.033287622	0.248300568	0.099976852	0.00268582	0.000482261	0.042485062
1988	1	1.08466434	0.349391683	0.175884618	0.458101596	0.380081952	0.01288525	0.034620273	0.260669435	0.107244694	0.002890907	0.000525527	0.045643824
1989	1	1.095189234	0.353503616	0.177940713	0.464250522	0.390358365	0.013224145	0.035357929	0.266931916	0.111102442	0.003000689	0.000551333	0.047198695
1990	1	1.102579713	0.356599429	0.179488693	0.468823826	0.382673961	0.013012575	0.035174142	0.263327389	0.106928498	0.00289062	0.000532018	0.045495501
1991	1	1.094009038	0.354454393	0.178416794	0.464230425	0.336402422	0.011575386	0.032723519	0.236998095	0.087455846	0.002351914	0.000422962	0.03724114
1992	1	1.103378222	0.357467008	0.179923055	0.4693077	0.365080474	0.012499922	0.034414954	0.253922209	0.099026855	0.002685342	0.000499117	0.042226127
1993	1	1.109166976	0.359499216	0.180939124	0.472690559	0.379982281	0.012950946	0.03528493	0.262734712	0.104545176	0.002824882	0.000517327	0.044580043
1994	1	1.122684978	0.363578756	0.182978352	0.480355152	0.420132885	0.014227695	0.037663335	0.286859503	0.119750563	0.003249707	0.000601794	0.051313886
1995	1	1.127052575	0.365272827	0.183825593	0.482775692	0.432061737	0.014589913	0.03834026	0.293635539	0.124651941	0.003377629	0.000623545	0.053293282
1996	1	1.124482798	0.364863855	0.183621562	0.481335288	0.410151494	0.013926976	0.037243354	0.281335992	0.115422754	0.00313101	0.000579963	0.049390785
1997	1	1.136241042	0.368527736	0.185453093	0.488057182	0.445929156	0.015042997	0.039317476	0.302578456	0.129059483	0.003500017	0.000645873	0.055334463
1998	1	1.141301785	0.370436865	0.186407936	0.490720242	0.460683875	0.015503038	0.04014444	0.310880279	0.140660882	0.003810606	0.000703985	0.060067823
1999	1	1.14389629	0.371622722	0.187000988	0.492443263	0.46013066	0.01549083	0.040211724	0.310991631	0.139788958	0.00378391	0.000695597	0.059763982
2000	1	1.146312486	0.372921105	0.18765046	0.494092136	0.457914983	0.015408637	0.039833082	0.308948665	0.138181934	0.00375098	0.000696659	0.059137427
2001	1	1.14422432	0.373015598	0.187698292	0.49321021	0.441139153	0.014872006	0.038786411	0.298695709	0.131474842	0.00356434	0.000660253	0.056158445
2002	1	1.148238309	0.374770106	0.188575755	0.495727331	0.445407688	0.015004941	0.038903319	0.30082946	0.132648122	0.003605581	0.000674564	0.056692851
2003	1	1.150797545	0.376178644	0.1892804	0.497376836	0.445504678	0.014992377	0.038674144	0.300030289	0.134226157	0.003651221	0.000686822	0.05726648
2004	1	1.153199865	0.377472506	0.189927518	0.49914764	0.441299657	0.014834944	0.038189946	0.296936659	0.146155145	0.003721106	0.000538185	0.060370325
2005	1	1.151946806	0.377820405	0.190101952	0.498833412	0.42918375	0.014442392	0.037543499	0.289842922	0.13986298	0.003540416	0.000499846	0.057505757
2006	1	1.152611072	0.378677193	0.190530888	0.499313816	0.421708831	0.014215205	0.036968509	0.284839625	0.135367732	0.003436532	0.000494961	0.055547377
2007	1	1.16411179	0.382436821	0.192410444	0.50583369	0.457397961	0.015369259	0.039299792	0.306531656	0.152247946	0.003878958	0.000567549	0.062618084
2008	1	1.160356501	0.382256437	0.192320887	0.503988496	0.44264724	0.014696753	0.037444014	0.293537458	0.169301778	0.004179638	0.000525997	0.068273915
2009	1	1.15517022	0.381015953	0.191700694	0.501535346	0.404243424	0.013508694	0.035818435	0.272889716	0.141290203	0.003438056	0.000398386	0.056548306
2010	1	1.174133519	0.386690448	0.194537094	0.512069136	0.460582089	0.015272345	0.038880245	0.305312344	0.153658915	0.003763793	0.000454752	0.061623829
2011	1	1.179943091	0.38861819	0.195500709	0.515400956	0.466059755	0.015460235	0.039411764	0.309102652	0.147493967	0.003602588	0.000427858	0.059087439
2012	1	1.185316042	0.390382156	0.1963825	0.518392847	0.461337434	0.015328097	0.039011981	0.306039713	0.138512389	0.003394861	0.000413602	0.055443595
2013	1	1.197985258	0.394528021	0.198454883	0.525808644	0.494791069	0.016303007	0.040628531	0.324565574	0.154749246	0.003761931	0.000434347	0.061844801
2014	1	1.203589768	0.396505653	0.199443615	0.528949891	0.496733009	0.01640092	0.041019939	0.326508987	0.156613487	0.003827115	0.000454612	0.062826983
2015	1	1.212908389	0.399682733	0.20103189	0.534321268	0.520906342	0.017144682	0.042574375	0.340921046	0.169728127	0.004119578	0.000466721	0.068048686
2016	1	1.223771078	0.403179974	0.202779922	0.540772542	0.543307782	0.017805529	0.043727331	0.353761946	0.184632853	0.004487258	0.00051052	0.074198211
1975	2	0.808014553	0.514004047	0.18231954	0.239757794	0.135011482	0.004846627	0.014791179	0.099792876	0.037623841	0.00105617	0.00022622	0.015888529
1976	2	0.80685385	0.237238372	0.182160302	0.239265003	0.130603115	0.0046897	0.014513156	0.097179079	0.035669842	0.00099084	0.000204778	0.015047626
1977	2	0.808179003	0.237604518	0.110150781	0.239885907	0.134504038	0.004822917	0.014754801	0.099495955	0.037272885	0.001041603	0.000219671	0.015737978
1978	2	0.809943389	0.238163018	0.11043008	0.265976088	0.142193333	0.005064206	0.015171026	0.103774053	0.040506789	0.001133774	0.000241228	0.017054434
1979	2	0.812021162	0.238723642	0.110710424	0.266883229	0.148215894	0.005280551	0.015563794	0.107402139	0.043115686	0.001221811	0.000270461	0.018187442
1980	2	0.813848599	0.239192861	0.110945034	0.267692369	0.152742256	0.005449827	0.015878158	0.11022954	0.046049594	0.001316303	0.000298925	0.019469404
1981	2	0.812746097	0.238884721	0.110790915	0.267238513	0.148334691	0.005293429	0.015602975	0.107639075	0.044064619	0.001250197	0.000277272	0.018622512
1982	2	0.812191956	0.238755728	0.110726553	0.266806196	0.146778464	0.005250248	0.015517363	0.106632117	0.043792404	0.001246807	0.00028038	0.018463585
1983	2	0.812857579	0.23892364	0.110810534	0.267058469	0.147965498	0.005301152	0.015614315	0.107406659	0.044375151	0.001270392	0.000290469	0.018726682
1984	2	0.829186306	0.244351528	0.113524006	0.276100054	0.151931958	0.005427849	0.016011129	0.110307953	0.044785241	0.001273113	0.000284262	0.018920204
1985	2	0.843443716	0.24927311	0.115984549	0.283920807	0.151196811	0.005399747	0.016105972	0.110168059	0.043846235	0.001236577	0.000270325	0.018438736
1986	2	0.85855618	0.254347071	0.118521182	0.292187109	0.15058112	0.005395327	0.016267459	0.110431042	0.042765494	0.001204883	0.000262386	0.017991891
1987	2	0.877013466	0.260439905	0.121567156	0.302277328	0.164190617	0.00582484	0.017187462	0.118736594	0.047162968	0.001321143	0.000282406	0.019824111
1988	2	0.892420585	0.265641815	0.124167798	0.310688272	0.166081386	0.005892174	0.017464994	0.120298916	0.04716383	0.001317051	0.000279012	0.019792989
1989	2	0.908483976	0.270996284	0.126844685	0.31942342	0.169233463	0.006009265	0.017840078	0.122722049	0.047620457	0.001330597	0.000282361	0.019991236
1990	2	0.922141951	0.27563844	0.129165468	0.326892859	0.162800762	0.005825914	0.017686049	0.119661525	0.044332559	0.001238757	0.00026281	0.018616121
1991	2	0.923620788	0.276310017	0.1295014	0.327679868	0.14755173	0.005347186	0.01692621	0.111210224	0.037878058	0.001052248	0.000218751	0.015902843
1992	2	0.930834605	0.27870682	0.130699958	0.331309077	0.156164811	0.005629116	0.01749537	0.116326479	0.041173518	0.001148389	0.000242721	0.01725062
1993	2	0.937447099	0.280863482	0.131778387	0.334650023	0.160253838	0.00577849	0.017847521	0.119062433	0.042517125	0.001193223	0.000257222	0.017838683
1994	2	0.945378808	0.283379474	0.13303642	0.338694988	0.168691304	0.00606916	0.018455957	0.124386699	0.045481703	0.001285751	0.000283131	0.019137228
1995	2	0.950810823	0.285234408	0.133964029	0.341447949	0.169686963	0.006108812	0.018603371	0.125190473	0.045642953	0.001291205	0.000285307	0.019185057
1996	2	0.954686037	0.286613865	0.134653997	0.343272462	0.163938674	0.005950791	0.0184044	0.122188013	0.043368049	0.001235732	0.000279724	0.01821617
1997	2	0.96187049	0.28895277	0.135823521	0.346949576	0.170357759	0.006166689	0.018872658	0.126216423	0.045559923	0.00130091	0.000296226	0.019150449
1998	2	0.968930487	0.291300449	0.136997535	0.350465879	0.178874546	0.006448086	0.019436363	0.131281922	0.060852882	0.001711256	0.000372387	0.025472024
1999	2	0.974747174	0.293272255	0.137983608	0.353369146	0.181103074	0.006530617	0.019659139	0.132787033	0.061600315	0.001735692	0.000380605	0.025760114
2000	2	0.981448091	0.295456672	0.139075859	0.356834411	0.184721893	0.006653519	0.019938107	0.135144291	0.062304075	0.001758212	0.00038696	0.026088316
2001	2	0.987731448	0.297540703	0.140117927	0.360109006	0.187424414	0.00674178	0.020167439	0.136959358	0.062806805	0.001770268	0.000387987	0.026303368
2002	2	0.993280712	0.299430198	0.141062787	0.362959202	0.187900386	0.006759083	0.020260573	0.13740765	0.062478638	0.001759696	0.000385001	0.026147467
2003	2	1.000554823	0.301755051	0.142225249	0.366674564	0.193661549	0.006952948	0.020675422	0.141043202	0.066365946	0.001868214	0.000407719	0.027794097
2004	2	1.007275875	0.303771991	0.14323371	0.369971903	0.197818843	0.007095256	0.021026872	0.143841302	0.068873228	0.001874957	0.000367551	0.028532238
2005	2	1.012419787	0.30538096	0.144038274	0.372432506	0.197842226	0.007099907	0.021150474	0.144183047	0.068216452	0.001852104	0.000360373	0.028195194
2006	2	1.016112291	0.306566859	0.144631335	0.374138696	0.192296656	0.006927277	0.020954665	0.141295702	0.06560027	0.001776633	0.000342797	0.027085316
2007	2	1.02376755	0.308760864	0.145728316	0.377783005	0.205881572	0.007385942	0.021858919	0.149527746	0.070749989	0.001927244	0.000379785	0.02924259
2008	2	1.026308304	0.309611744	0.146153708	0.379137157	0.21353535	0.007563217	0.022119355	0.153203539	0.094203695	0.002503854	0.000450356	0.038701567
2009	2	1.023055951	0.308579673	0.145637619	0.377446065	0.192829001	0.00689861	0.021092194	0.14173648	0.081296297	0.00214455	0.000373714	0.033369233
2010	2	1.030641192	0.310680399	0.146687881	0.381075188	0.212139975	0.007533299	0.022266702	0.153085403	0.08726786	0.002313619	0.000411867	0.03583622
2011	2	1.03399438	0.311552883	0.147124018	0.382655279	0.214932019	0.00762394	0.022444293	0.154766533	0.086966555	0.00230524	0.000410224	0.035703186
2012	2	1.038865049	0.31279461	0.147744832	0.384758847	0.215242842	0.007637163	0.022610263	0.155361119	0.086808504	0.002290995	0.00040048	0.035604361
2013	2	1.054632749	0.316880945	0.149788026	0.391525013	0.225434831	0.007985896	0.023472844	0.16202974	0.089682661	0.002368177	0.000415995	0.036721591
2014	2	1.068982548	0.320513788	0.151604408	0.397648637	0.22895831	0.008122347	0.023973692	0.165000971	0.090093544	0.002379485	0.000417066	0.036968533
2015	2	1.083397851	0.324153683	0.153424334	0.403763005	0.231901312	0.008243651	0.024410898	0.167542949	0.089786114	0.002374952	0.000418803	0.036857566
2016	2	1.097027882	0.327607352	0.155151281	0.409347075	0.234442074	0.008358522	0.024861519	0.169848048	0.098086189	0.002605834	0.000467169	0.040333618