year	region	nwl_A	nwl_W	nwl_E	nwl_N	fwl_A	fwl_W	fwl_E	fwl_N	cwl_A	cwl_W	cwl_E	cwl_N
1975	1	0.941066	0.299894321	0.151137807	0.377737304	0.276163227	0.009384788	0.026280954	0.192235277	0.075065787	0.001978723	0.000332056	0.031532436
1976	1	0.952806702	0.302947252	0.152663936	0.383219677	0.279906023	0.009568185	0.026767756	0.195425068	0.075927051	0.002032108	0.00036208	0.032074794
1977	1	0.965473701	0.30634305	0.154361415	0.389369158	0.290699792	0.009935196	0.027567506	0.202378271	0.079617068	0.002142923	0.000389605	0.033727621
1978	1	0.979140235	0.310107043	0.156243128	0.395895081	0.30907542	0.010539745	0.028746294	0.213348657	0.087026701	0.002360286	0.000443247	0.03684407
1979	1	1.001779689	0.316351878	0.159364585	0.407652762	0.360965567	0.012179368	0.031801461	0.244114683	0.107226849	0.002919945	0.000554413	0.045577269
1980	1	1.014337083	0.320873731	0.161625334	0.415030079	0.372506822	0.012586112	0.03271995	0.25185201	0.111241408	0.003044859	0.000587396	0.04744335
1981	1	1.018941449	0.323312734	0.162845126	0.418106031	0.359119171	0.012158256	0.032114548	0.244349699	0.105148842	0.002862561	0.000542464	0.04472183
1982	1	1.016463941	0.323860477	0.163119644	0.417400697	0.322008201	0.010942434	0.030087801	0.222552945	0.089609232	0.00239405	0.000424618	0.037772725
1983	1	1.026974401	0.32783907	0.165108951	0.423561915	0.326847846	0.011139966	0.030617671	0.226224809	0.090767249	0.002442583	0.000445255	0.03835715
1984	1	1.040355979	0.332652384	0.167515467	0.431348108	0.344119681	0.011717992	0.031818163	0.237039023	0.096952347	0.002625457	0.000489477	0.041077322
1985	1	1.054458848	0.337764257	0.17007107	0.439881598	0.36816384	0.012445094	0.033282405	0.251414178	0.105517054	0.002837097	0.000513421	0.044708109
1986	1	1.057961369	0.339637884	0.171008057	0.442297807	0.339818303	0.011615635	0.032041411	0.236321668	0.09257464	0.002498223	0.000456156	0.039406908
1987	1	1.070808258	0.344422242	0.173400091	0.449983515	0.360008286	0.012232677	0.033288689	0.248313637	0.099987971	0.002686053	0.000482261	0.04248926
1988	1	1.084666804	0.349392879	0.175885216	0.458103378	0.380112519	0.012886039	0.034621548	0.260685065	0.107257991	0.002891186	0.000525527	0.045648845
1989	1	1.095150557	0.353484842	0.177931326	0.464222541	0.389878547	0.013211764	0.035337913	0.266686565	0.110893716	0.00299631	0.000551333	0.047119875
1990	1	1.10252489	0.356572817	0.179475387	0.468784163	0.381993841	0.012995026	0.03514577	0.262979616	0.106632639	0.002884413	0.000532018	0.045383778
1991	1	1.09395498	0.354428152	0.178403674	0.464191316	0.335731782	0.011558082	0.032695542	0.23665517	0.087164111	0.002345794	0.000422962	0.037130974
1992	1	1.10332395	0.357440664	0.179909883	0.469268437	0.364407192	0.01248255	0.034386866	0.253577933	0.098733971	0.002679197	0.000499117	0.042115527
1993	1	1.109111289	0.359472185	0.180925608	0.472650272	0.379291443	0.012933121	0.03525611	0.262381459	0.104244655	0.002818577	0.000517327	0.04446656
1994	1	1.122630014	0.363552076	0.182965012	0.480315388	0.41945101	0.014210101	0.03763489	0.286510832	0.11945394	0.003243484	0.000601794	0.051201874
1995	1	1.126998187	0.365246427	0.183812393	0.482736345	0.431387022	0.014572504	0.038312113	0.29329053	0.124358433	0.003371472	0.000623545	0.053182447
1996	1	1.124427787	0.364837152	0.18360821	0.48129549	0.40946904	0.013909367	0.037214885	0.280987025	0.11512588	0.003124781	0.000579963	0.049278679
1997	1	1.136186784	0.368501398	0.185439925	0.488017929	0.445256037	0.015025628	0.039289396	0.302234263	0.12876667	0.003493875	0.000645873	0.05522389
1998	1	1.141248043	0.370410777	0.186394892	0.490681362	0.46001716	0.015485835	0.040116626	0.31053936	0.140370854	0.003804521	0.000703985	0.059958302
1999	1	1.143841092	0.371595928	0.186987591	0.492403329	0.459445884	0.015473161	0.040183157	0.310641477	0.139491074	0.00377766	0.000695597	0.059651495
2000	1	1.146254773	0.37289309	0.187636452	0.494050383	0.457199008	0.015390163	0.039803214	0.308582558	0.137870477	0.003744446	0.000696659	0.059019814
2001	1	1.144165558	0.372987074	0.18768403	0.493167698	0.440410162	0.014853197	0.038756	0.298322947	0.131157724	0.003557687	0.000660253	0.056038694
2002	1	1.148176508	0.374740107	0.188560755	0.495682621	0.444641003	0.014985159	0.038871335	0.300437423	0.132314607	0.003598584	0.000674564	0.056566908
2003	1	1.150734009	0.376147803	0.18926498	0.49733087	0.444716462	0.014972039	0.038641262	0.299627243	0.133883275	0.003644028	0.000686822	0.057137001
2004	1	1.153134918	0.377440979	0.189911754	0.499100653	0.440493932	0.014814154	0.038156334	0.29652466	0.145403085	0.003705328	0.000538185	0.060086331
2005	1	1.15187809	0.37778705	0.190085275	0.498783699	0.428331281	0.014420396	0.037507936	0.289407021	0.139067289	0.003523723	0.000499846	0.057205286
2006	1	1.15253922	0.378642315	0.19051345	0.499261834	0.420817459	0.014192205	0.036931323	0.28438383	0.134535728	0.003419077	0.000494961	0.055233193
2007	1	1.164036005	0.382400034	0.19239205	0.505778862	0.456457789	0.015345	0.039260571	0.306050908	0.151370393	0.003860548	0.000567549	0.0622867
2008	1	1.16027759	0.382218133	0.192301734	0.503931407	0.441668291	0.014671494	0.037403175	0.293036881	0.168388031	0.004160468	0.000525997	0.067928864
2009	1	1.155107717	0.380982929	0.191684181	0.501487444	0.403356311	0.013486149	0.035782216	0.272439804	0.140434939	0.003420259	0.00039851	0.056226255
2010	1	1.174039806	0.386647185	0.194515464	0.512000846	0.45929885	0.015238149	0.038824642	0.304644331	0.1525572	0.003740203	0.000454357	0.061204212
2011	1	1.179888392	0.388585929	0.195484579	0.515349441	0.464505751	0.015418274	0.039344217	0.308290092	0.146205325	0.003574662	0.000427118	0.058594242
2012	1	1.182924227	0.389583442	0.195983119	0.517166065	0.459102871	0.015262718	0.038873804	0.304736703	0.137005152	0.003361801	0.000412418	0.054863127
2013	1	1.189582525	0.391758715	0.197070135	0.521575746	0.491952691	0.01621087	0.040363513	0.322632523	0.153380037	0.003732072	0.000433412	0.061318967
2014	1	1.189176981	0.391765172	0.197073208	0.521711239	0.493254292	0.016281173	0.040627062	0.323929935	0.155337593	0.003799549	0.000453943	0.062339647
2015	1	1.192489339	0.392973988	0.197677279	0.524080582	0.516947683	0.017001714	0.04206076	0.337779645	0.16868053	0.004097244	0.000466412	0.067651245
2016	1	1.199182871	0.395015153	0.198697365	0.528193718	0.539114676	0.017646634	0.043106633	0.350197618	0.183853364	0.00447076	0.000510384	0.073903757
2017	1	1.205439234	0.396780374	0.19958012	0.531014404	0.545436079	0.017917722	0.043852316	0.355203472	0.182908275	0.004499031	0.000549436	0.073956549
1975	2	0.808014553	0.514004047	0.18231954	0.239757794	0.135011482	0.004846627	0.014791179	0.099792876	0.037623841	0.00105617	0.00022622	0.015888529
1976	2	0.80685385	0.237238372	0.182160302	0.239265003	0.130603115	0.0046897	0.014513156	0.097179079	0.035669842	0.00099084	0.000204778	0.015047626
1977	2	0.808179003	0.237604518	0.110150781	0.239885907	0.134504038	0.004822917	0.014754801	0.099495955	0.037272885	0.001041603	0.000219671	0.015737978
1978	2	0.809943389	0.238163018	0.11043008	0.265976088	0.142193333	0.005064206	0.015171026	0.103774053	0.040506789	0.001133774	0.000241228	0.017054434
1979	2	0.812021162	0.238723642	0.110710424	0.266883229	0.148215894	0.005280551	0.015563794	0.107402139	0.043115686	0.001221811	0.000270461	0.018187442
1980	2	0.813848599	0.239192861	0.110945034	0.267692369	0.152742256	0.005449827	0.015878158	0.11022954	0.046049594	0.001316303	0.000298925	0.019469404
1981	2	0.812746097	0.238884721	0.110790915	0.267238513	0.148334691	0.005293429	0.015602975	0.107639075	0.044064619	0.001250197	0.000277272	0.018622512
1982	2	0.812191956	0.238755728	0.110726553	0.266806196	0.146778464	0.005250248	0.015517363	0.106632117	0.043792404	0.001246807	0.00028038	0.018463585
1983	2	0.812857579	0.23892364	0.110810534	0.267058469	0.147965498	0.005301152	0.015614315	0.107406659	0.044375151	0.001270392	0.000290469	0.018726682
1984	2	0.829186306	0.244351528	0.113524006	0.276100054	0.151931958	0.005427849	0.016011129	0.110307953	0.044785241	0.001273113	0.000284262	0.018920204
1985	2	0.843443716	0.24927311	0.115984549	0.283920807	0.151196811	0.005399747	0.016105972	0.110168059	0.043846235	0.001236577	0.000270325	0.018438736
1986	2	0.85855618	0.254347071	0.118521182	0.292187109	0.15058112	0.005395327	0.016267459	0.110431042	0.042765494	0.001204883	0.000262386	0.017991891
1987	2	0.877013466	0.260439905	0.121567156	0.302277328	0.164190617	0.00582484	0.017187462	0.118736594	0.047162968	0.001321143	0.000282406	0.019824111
1988	2	0.892420585	0.265641815	0.124167798	0.310688272	0.166081386	0.005892174	0.017464994	0.120298916	0.04716383	0.001317051	0.000279012	0.019792989
1989	2	0.908483976	0.270996284	0.126844685	0.31942342	0.169233463	0.006009265	0.017840078	0.122722049	0.047620457	0.001330597	0.000282361	0.019991236
1990	2	0.922141951	0.27563844	0.129165468	0.326892859	0.162800762	0.005825914	0.017686049	0.119661525	0.044332559	0.001238757	0.00026281	0.018616121
1991	2	0.923620788	0.276310017	0.1295014	0.327679868	0.14755173	0.005347186	0.01692621	0.111210224	0.037878058	0.001052248	0.000218751	0.015902843
1992	2	0.930834605	0.27870682	0.130699958	0.331309077	0.156164811	0.005629116	0.01749537	0.116326479	0.041173518	0.001148389	0.000242721	0.01725062
1993	2	0.937447099	0.280863482	0.131778387	0.334650023	0.160253838	0.00577849	0.017847521	0.119062433	0.042517125	0.001193223	0.000257222	0.017838683
1994	2	0.945378808	0.283379474	0.13303642	0.338694988	0.168691304	0.00606916	0.018455957	0.124386699	0.045481703	0.001285751	0.000283131	0.019137228
1995	2	0.950810823	0.285234408	0.133964029	0.341447949	0.169686963	0.006108812	0.018603371	0.125190473	0.045642953	0.001291205	0.000285307	0.019185057
1996	2	0.954686037	0.286613865	0.134653997	0.343272462	0.163938674	0.005950791	0.0184044	0.122188013	0.043368049	0.001235732	0.000279724	0.01821617
1997	2	0.96187049	0.28895277	0.135823521	0.346949576	0.170357759	0.006166689	0.018872658	0.126216423	0.045559923	0.00130091	0.000296226	0.019150449
1998	2	0.968930487	0.291300449	0.136997535	0.350465879	0.178874546	0.006448086	0.019436363	0.131281922	0.060852882	0.001711256	0.000372387	0.025472024
1999	2	0.974747174	0.293272255	0.137983608	0.353369146	0.181103074	0.006530617	0.019659139	0.132787033	0.061600315	0.001735692	0.000380605	0.025760114
2000	2	0.981448091	0.295456672	0.139075859	0.356834411	0.184721893	0.006653519	0.019938107	0.135144291	0.062304075	0.001758212	0.00038696	0.026088316
2001	2	0.987731448	0.297540703	0.140117927	0.360109006	0.187424414	0.00674178	0.020167439	0.136959358	0.062806805	0.001770268	0.000387987	0.026303368
2002	2	0.993280712	0.299430198	0.141062787	0.362959202	0.187900386	0.006759083	0.020260573	0.13740765	0.062478638	0.001759696	0.000385001	0.026147467
2003	2	1.000554823	0.301755051	0.142225249	0.366674564	0.193661549	0.006952948	0.020675422	0.141043202	0.066365946	0.001868214	0.000407719	0.027794097
2004	2	1.007275875	0.303771991	0.14323371	0.369971903	0.197818843	0.007095256	0.021026872	0.143841302	0.068873228	0.001874957	0.000367551	0.028532238
2005	2	1.012419787	0.30538096	0.144038274	0.372432506	0.197842226	0.007099907	0.021150474	0.144183047	0.068216452	0.001852104	0.000360373	0.028195194
2006	2	1.016112291	0.306566859	0.144631335	0.374138696	0.192296656	0.006927277	0.020954665	0.141295702	0.06560027	0.001776633	0.000342797	0.027085316
2007	2	1.02376755	0.308760864	0.145728316	0.377783005	0.205881572	0.007385942	0.021858919	0.149527746	0.070749989	0.001927244	0.000379785	0.02924259
2008	2	1.026308304	0.309611744	0.146153708	0.379137157	0.21353535	0.007563217	0.022119355	0.153203539	0.094203695	0.002503854	0.000450356	0.038701567
2009	2	1.023055951	0.308579673	0.145637619	0.377446065	0.192829001	0.00689861	0.021092194	0.14173648	0.081296297	0.00214455	0.000373714	0.033369233
2010	2	1.030653573	0.310685102	0.146690232	0.381083248	0.212221832	0.007535507	0.022270368	0.153128757	0.087322914	0.002314808	0.000411893	0.035857378
2011	2	1.033998385	0.31155464	0.147124896	0.382658255	0.214935515	0.007623817	0.022444077	0.154766935	0.086978096	0.002305374	0.000410129	0.035707128
2012	2	1.03885849	0.312554081	0.14762447	0.38452119	0.214948942	0.007625153	0.022561691	0.155094173	0.086821406	0.002291164	0.00040039	0.035608855
2013	2	1.054550514	0.315662735	0.149178435	0.390309964	0.223936154	0.007925847	0.023229678	0.160683782	0.08969281	0.002368283	0.0004159	0.03672501
2014	2	1.068833886	0.318324654	0.150508967	0.39546656	0.226464131	0.008020321	0.023546032	0.162689673	0.090223267	0.002382383	0.000417213	0.037018813
2015	2	1.083122314	0.320972991	0.151832728	0.400578881	0.22817836	0.00809324	0.023787621	0.164140327	0.089884646	0.002377359	0.000419098	0.036896514
2016	2	1.103495221	0.325941494	0.154316945	0.408884887	0.231130599	0.008223887	0.024297785	0.166792472	0.098215581	0.002608966	0.000467531	0.040384621
2017	2	1.135351743	0.334962587	0.158827642	0.423547218	0.240225471	0.008558885	0.025411439	0.173880891	0.099292975	0.002639208	0.00047397	0.040841835