;2015;2025;2035;2045;2055;2065

Kankaat                    ;8787;8787;8787;8787;8787;8787
Turvemaat                  ;2709,4;2709,4;2709,4;2709,4;2709,4;2709,4
 ojittamaton               ;476;476;476;476;476;476
 ojitettu                  ;2233,4;2233,4;2233,4;2233,4;2233,4;2233,4

Tilavuus (1000 m3)         ;1613642;1663934;1684091;1729807;1833411;1992047
1 1                        ;545171;553240;551601;539292;535195;511460
1 2                        ;479823;524346;578386;658132;760102;908249
1 3                        ;260377,5;264278,7;252352,2;242282;230812,2;226996,4
3 1                        ;22362;18842,3;18723;22002,6;29922,7;40261,2
3 2                        ;14783,6;11724,6;12291,4;15259;19010,8;23031,9
3 3                        ;14153,3;11450;11135,8;11328,8;11481;11957,8
2 1                        ;142808,1;142917,6;125226;103952,3;95126,5;98704,1
2 2                        ;74294,5;79866,7;81265,3;89873,2;105920,4;121172,7
2 3                        ;59870;57267;53107,5;47684,7;45841,1;50214,9

Luonnonpoistuma  (1000 m3)     ;5235,9;4452,6;4615,3;4965,8;5135,1
1 1                            ;892;829,3;995,3;1119,1;1124,6
1 2                            ;479,3;501,5;803,7;1234,4;1361,6
1 3                            ;2447,3;2082,2;1871,6;1727,6;1684,2
3 1                            ;43,7;27,9;33,1;47,6;74,9
3 2                            ;19;12;12,4;14,9;18,1
3 3                            ;176,3;109,3;104,9;113,5;133,3
2 1                            ;420,2;310,6;256,6;218,2;227,6
2 2                            ;104,1;75,9;85,8;98,2;131,1
2 3                            ;653,7;503,7;451,8;392,2;379,6

Hukkapuu massat (1000 t DM)
1 1 3                          ;253,1;204,2;195,4;136,8;196,1
1 1 2                          ;774,1;791,4;761,5;620,5;781,1
1 1 1                          ;407,4;446,3;459,4;424,7;491
1 1 4                          ;558;589;608,9;570,7;625
1 1 5                          ;1817,1;1847,7;1909,8;1804,1;1925,1
1 2 3                          ;298;260,8;226,3;277,2;322,5
1 2 2                          ;863,7;1163,1;1292;1693;1866,6
1 2 1                          ;1041,9;1240,1;1276,9;1585;1836,6
1 2 4                          ;553,5;631,4;670,2;864,6;950,5
1 2 5                          ;2137,1;2446,6;2554,8;3229,7;3602,8
1 3 3                          ;525,1;424,4;336,4;306,5;309
1 3 2                          ;535;531,8;507,3;488,9;434,5
1 3 1                          ;178,6;199,5;186;182;147,3
1 3 4                          ;417,2;429,5;389,1;379,7;324
1 3 5                          ;1335,9;1384,3;1240,7;1174,4;974,9
3 1 3                          ;15;11;7,8;4,3;6,3
3 1 2                          ;70,3;39,8;20;8,4;16,7
3 1 1                          ;21,3;12,1;6,3;2,7;5,7
3 1 4                          ;25,6;14,5;7,5;3,1;6,3
3 1 5                          ;77,7;43,2;22,2;9,2;17,5
3 2 3                          ;17,4;10,2;4,3;2,7;4,3
3 2 2                          ;72,2;37,7;16,7;14,4;16
3 2 1                          ;43,2;23,5;10,5;8,7;9,9
3 2 4                          ;22,9;11,4;5,2;4,5;5
3 2 5                          ;88,3;45,6;20,5;17,4;19,4
3 3 3                          ;38,3;19,5;14,9;13,6;10
3 3 2                          ;39,6;18,4;13;11,7;6,8
3 3 1                          ;7,8;4,3;3;2,8;1,7
3 3 4                          ;17,5;9;6,5;5,8;3,7
3 3 5                          ;57,6;33,1;23,4;22,2;15,2
2 1 3                          ;69,7;93,2;92,1;61,6;46,9
2 1 2                          ;399,1;491,7;437;298,7;191,4
2 1 1                          ;123,3;143,3;120,1;78,2;53,6
2 1 4                          ;147,8;180,6;162,8;111,7;71,5
2 1 5                          ;441,3;556,9;519,8;366,1;226,6
2 2 3                          ;91,7;95,3;59,5;40,5;64
2 2 2                          ;291,8;352,1;282,7;219,5;219,8
2 2 1                          ;172;204,4;163,3;124,5;128,8
2 2 4                          ;95,6;115,5;92,5;72,7;72,2
2 2 5                          ;363,3;433,9;346,6;269;271,7
2 3 3                          ;152,6;148,9;132,4;91;68,6
2 3 2                          ;180,9;174,2;151,1;117,7;79,9
2 3 1                          ;37,2;36;32,3;24,6;16,5
2 3 4                          ;83;80,5;69,6;53,9;36,7
2 3 5                          ;286,1;279,1;241,4;182,9;122,4


Kankaat                    ;7469,2;7469,2;7469,2;7469,2;7469,2;7469,2
Turvemaat                  ;3847,8;3847,8;3847,8;3847,8;3847,8;3847,8
 ojittamaton               ;1561,9;1561,9;1561,9;1561,9;1561,9;1561,9
 ojitettu                  ;2285,6;2285,6;2285,6;2285,6;2285,6;2285,6

Tilavuus (1000 m3)         ;846826;984121;1109052;1252226;1418892;1599565
1 1                        ;388683;469390;552991;636809;721048;797923
1 2                        ;125491;132160;146911;165961;189357;217586
1 3                        ;90739,6;97792,1;103935;109086;111086;112964
3 1                        ;31070,8;35745,7;39834,7;47153,4;58186,9;70267,6
3 2                        ;15813,9;18513,6;22070,4;27174,8;33018,6;39437,9
3 3                        ;14136,6;15690,6;17704,2;20816,3;24547,8;28095
2 1                        ;109632;125483;121975;125137;138619;158585
2 2                        ;28122,1;37261,8;44946,9;54459,2;67874,6;86665,1
2 3                        ;43134,4;52082,6;58682,8;65627,5;75149;88037,7

Luonnonpoistuma  (1000 m3)     ;2694,5;2595,6;3360,9;4234,1;4817,8
1 1                            ;669,2;895;1526,8;2190,2;2515,5
1 2                            ;133,6;113,1;184,3;235,1;315,8
1 3                            ;980,7;715,5;727,2;768,5;689,9
3 1                            ;36;36,5;48,9;76,5;102,7
3 2                            ;12,7;14,6;19;20,9;27,3
3 3                            ;142,4;112,8;125,2;165,9;213,6
2 1                            ;377,9;358,6;336,2;346;406,3
2 2                            ;42,9;36,4;37,6;41,6;64,6
2 3                            ;299,1;313,2;355,7;389,4;482,1

Hukkapuu massat (1000 t DM)
1 1 3                          ;209,3;182,2;170,2;175,3;182,1
1 1 2                          ;448,5;567,6;610;642,7;724,2
1 1 1                          ;214,3;254,4;280,1;290,8;329,8
1 1 4                          ;257,2;302,8;338,5;367,2;415,9
1 1 5                          ;782,8;914,7;1036,2;1144,5;1296,7
1 2 3                          ;81,6;74,2;41,8;43,4;30,6
1 2 2                          ;200,2;169,1;135,7;126,5;112,5
1 2 1                          ;205,8;168,1;137,3;125,4;125,3
1 2 4                          ;104,5;80;68,2;62,6;62,6
1 2 5                          ;408;319,2;267,1;243,8;240,9
1 3 3                          ;146,9;145,1;92,7;110,4;87,3
1 3 2                          ;120,4;122,2;115;138,1;123,4
1 3 1                          ;34,7;36,9;34,9;37;33,2
1 3 4                          ;79,5;79,3;72,6;75,7;68,2
1 3 5                          ;237;232;202,4;201;172,1
3 1 3                          ;7,2;8,7;3,4;2,4;2,4
3 1 2                          ;28,8;33,8;12,1;4,6;4,5
3 1 1                          ;8,8;10,6;3,8;1,4;1,5
3 1 4                          ;10,1;11,8;4,3;1,6;1,6
3 1 5                          ;29,6;33,9;12,5;4,8;4,4
3 2 3                          ;9,2;9,4;2,8;3,1;2,5
3 2 2                          ;27,9;23,3;6,5;5,1;4,7
3 2 1                          ;16,6;14;3,9;2,9;2,9
3 2 4                          ;8,2;6,5;2;1,5;1,3
3 2 5                          ;32,3;26,2;7,6;5,8;5,4
3 3 3                          ;16,8;11,7;5,1;9,4;6
3 3 2                          ;15,2;13,1;5;6,7;6,3
3 3 1                          ;3;2,5;1;1,3;1,3
3 3 4                          ;6,3;5,2;2,1;2,7;2,5
3 3 5                          ;20,6;15,6;7;8,5;8,1
2 1 3                          ;48,7;80,5;55;32,1;17,6
2 1 2                          ;206,3;350,5;242,7;133,7;63,5
2 1 1                          ;65,4;107,9;71,5;36,4;18,4
2 1 4                          ;73,7;124;86,8;48,4;22,7
2 1 5                          ;214;364,8;262,5;152,8;69,5
2 2 3                          ;38,2;52;36,8;24,4;15
2 2 2                          ;84;124,8;107;73,4;31,2
2 2 1                          ;51,1;75,1;59,9;40,5;17,7
2 2 4                          ;24,5;36,5;33,6;23,6;9,8
2 2 5                          ;98;144,3;125,1;86,6;36,6
2 3 3                          ;112,2;122,6;103,8;79,9;47,5
2 3 2                          ;101,5;123,7;105,3;80,9;46,8
2 3 1                          ;20,2;24;20,1;15,6;8,8
2 3 4                          ;43,4;51;42,7;32,5;18,7
2 3 5                          ;143,3;161,7;132;99,6;56,9

