755548 4 7 4 1 0 1 1 0 3
755548 1 1 569.2 2 12 615 14.06.2019 1 7249550 476350 109 1004 3 1 4 2 0 1 0 0 0 0 0 0 0 2016 3 0 0 -1 -1
755548 2 1 1 13.16 957 15.71 11.65 51 0 -1 1 1 -1
755548 2 2 2 1.49 196 12.63 9.19 63 0 -1 1 1 -1
755548 2 3 4 1.02 131 12.61 10.33 65 0 -1 1 1 -1
755676 4 7 4 1 0 1 1 0 3
755676 1 2 0 2 12 615 14.06.2019 1 7249650 509950 133 972 3 1 4 0 0 1 0 0 0 0 0 0 0 0 0 0 0 -1 -1
755676 2 1 1 .03 3 12.39 8.42 93 0 -1 1 1 -1
755722 4 7 4 1 0 1 1 0 3
755722 1 3 2 2 12 615 14.06.2019 1 7249750 466050 98 1016 3 1 4 0 0 1 0 0 0 0 0 0 0 0 0 0 0 -1 -1
755722 2 1 1 .78 121 6.2 5.2 15 0 -1 1 1 -1
755817 4 7 4 1 0 1 1 0 3
755817 1 4 0 2 12 564 14.06.2019 1 7249850 458450 97 1021 3 1 4 0 0 1 0 0 0 0 0 0 0 0 0 0 0 -1 -1
755817 2 1 1 .03 4 10.41 7.04 80 0 -1 1 1 -1
755914 4 7 4 1 0 1 1 0 3
755914 1 5 94.1 2 12 564 14.06.2019 1 7249850 471150 124 997 3 1 4 0 0 1 0 0 0 0 0 0 0 0 0 0 0 -1 -1
755914 2 1 1 3.11 494 10.61 7.51 35 0 -1 1 1 -1
755914 2 2 2 .22 21 13.36 8.95 29 0 -1 1 1 -1
755914 2 3 4 .01 1 8.01 6.03 30 0 -1 1 1 -1
755945 4 7 4 1 0 1 1 0 3
755945 1 6 571 2 12 615 14.06.2019 1 7249850 476350 107 1005 3 1 4 0 0 1 0 0 0 0 0 0 0 2016 3 0 0 -1 -1
755945 2 1 1 11.82 670 17.95 12.97 66 0 -1 1 1 -1
755945 2 2 2 .79 116 12.38 9.08 65 0 -1 1 1 -1
755945 2 3 4 .27 53 9.46 8.25 48 0 -1 1 1 -1
755949 4 7 4 1 0 1 1 0 3
755949 1 7 680 2 12 615 14.06.2019 1 7249850 509250 133 971 3 1 4 0 0 1 0 0 0 0 0 0 0 0 0 0 0 -1 -1
755949 2 1 1 8.6 868 13.58 9.89 74 0 -1 1 1 -1
755949 2 2 2 .2 37 9.98 6.75 42 0 -1 1 1 -1
755949 2 3 4 .05 8 8.82 7.66 26 0 -1 1 1 -1
756230 4 7 5 1 0 1 1 0 3
756230 1 8 89.1 2 12 564 14.06.2019 1 7250050 470950 124 997 3 1 5 0 0 1 0 0 0 0 0 0 0 0 0 0 0 -1 -1
756230 2 1 1 .02 3 6 5.5 15 0 -1 1 1 -1
756410 4 7 4 1 0 1 1 0 3
756410 1 9 88 2 12 564 14.06.2019 1 7250150 471050 124 997 3 1 4 2 0 1 0 0 0 0 0 0 0 0 0 0 0 -1 -1
756410 2 1 1 3.88 488 12.01 7.86 87 0 -1 1 1 -1
756410 2 2 2 .03 6 8.53 6.44 62 0 -1 1 1 -1
756410 2 3 4 .03 6 8.09 7.57 36 0 -1 1 1 -1
756412 4 7 4 1 0 1 1 0 3
756412 1 10 88 2 12 564 14.06.2019 1 7250150 471250 124 997 3 1 4 2 0 1 0 0 0 0 0 0 0 0 0 0 0 -1 -1
756412 2 1 1 1.09 126 12.82 8.44 97 0 -1 1 1 -1
756412 2 2 2 .01 3 6.96 5.56 71 0 -1 1 1 -1
756412 2 3 4 .01 1 7.27 5.36 40 0 -1 1 1 -1
756467 4 7 5 1 0 1 1 0 3
756467 1 11 690 2 12 615 14.06.2019 1 7250150 507550 136 970 3 1 5 0 0 1 0 0 0 0 0 2007 0 0 0 0 0 -1 -1
756467 2 1 1 .04 5 10.71 7.16 86 0 -1 1 1 -1
756477 4 7 4 1 0 1 1 0 3
756477 1 12 678 2 12 615 14.06.2019 1 7250150 509150 133 971 3 1 4 0 0 1 0 0 0 0 0 0 0 2011 1 0 0 -1 -1
756477 2 1 1 9.74 822 14.41 10.29 77 0 -1 1 1 -1
756477 2 2 2 .35 65 10.45 8.06 75 0 -1 1 1 -1
757118 4 7 4 1 0 1 1 0 3
757118 1 13 194.1 2 12 564 14.06.2019 1 7250550 462850 108 1014 3 1 4 0 0 1 0 0 0 0 0 0 0 0 0 0 0 -1 -1
757118 2 1 1 6.25 760 12.05 8.16 70 0 -1 1 1 -1
757118 2 2 2 .39 75 9.85 6.72 41 0 -1 1 1 -1
757118 2 3 4 .19 35 9.32 7.87 34 0 -1 1 1 -1
757188 4 7 5 1 0 1 1 0 3
757188 1 14 87 2 12 564 14.06.2019 1 7250550 471350 122 998 3 1 5 0 0 1 0 0 0 0 0 0 0 0 0 0 0 -1 -1
757188 2 1 1 .08 10 11.61 8.05 72 0 -1 1 1 -1
757238 4 7 5 1 0 1 1 0 3
757238 1 15 667 2 12 615 14.06.2019 1 7250550 507150 136 969 3 1 5 0 0 1 0 0 0 0 0 0 0 0 0 0 0 -1 -1
757238 2 1 1 .4 59 10.01 6.84 82 0 -1 1 1 -1
757238 2 2 4 .01 2 8.01 6.03 30 0 -1 1 1 -1
757438 4 7 5 1 0 1 1 0 3
757438 1 16 667 2 12 615 14.06.2019 1 7250650 507150 136 969 3 1 5 0 0 1 0 0 0 0 0 0 0 0 0 0 0 -1 -1
757438 2 1 1 2.01 322 10.27 7.65 51 0 -1 1 1 -1
757438 2 2 2 .06 16 7.44 5.36 31 0 -1 1 1 -1
757438 2 3 4 .05 9 9.19 6.95 40 0 -1 1 1 -1
757446 4 7 5 1 0 1 1 0 3
757446 1 17 666 2 12 615 30.08.2012 1 7250650 507950 133 970 3 1 5 0 0 1 0 0 0 0 0 0 0 0 0 0 0 -1 -1
757446 2 1 1 0 17 0 1 6 0 -1 1 1 -1
757651 4 7 5 1 0 1 1 0 3
757651 1 18 665 2 12 615 14.06.2019 1 7250750 507850 134 969 3 1 5 0 0 1 0 0 0 0 0 0 0 0 0 0 0 -1 -1
757651 2 1 1 5.89 1032 9.72 6.87 63 0 -1 1 1 -1
757651 2 2 2 .21 47 8.93 6.16 25 0 -1 1 1 -1
757651 2 3 4 .03 6 7.96 6.11 28 0 -1 1 1 -1
757931 4 7 4 1 0 1 1 0 3
757931 1 19 194.3 2 12 564 14.06.2019 1 7250950 462350 107 1015 3 1 4 0 0 1 0 0 0 0 0 0 0 0 0 0 0 -1 -1
757931 2 1 1 .08 12 10.92 7.21 82 0 -1 1 1 -1
757936 4 7 4 1 1 1 1 0 3
757936 1 20 195 2 12 564 14.06.2019 1 7250950 462850 107 1015 3 1 4 2 1 1 0 0 0 0 0 0 0 0 0 0 0 -1 -1
757936 2 1 1 8.95 722 15.56 11.08 70 0 -1 1 1 -1
757936 2 2 2 .62 116 10.21 7.7 58 0 -1 1 1 -1
757936 2 3 4 .3 44 11.36 8.69 42 0 -1 1 1 -1
758016 4 7 4 1 0 1 1 0 3
758016 1 21 544 2 12 615 14.06.2019 1 7250950 473750 112 1001 3 1 4 0 0 1 0 0 0 0 0 0 0 0 0 0 0 -1 -1
758016 2 1 1 10.15 1061 12.9 9.63 58 0 -1 1 1 -1
758016 2 2 2 .3 65 9.08 6.92 54 0 -1 1 1 -1
758016 2 3 4 .04 7 8.54 7.54 45 0 -1 1 1 -1
758707 4 7 5 1 0 1 1 0 3
758707 1 22 209 2 12 564 14.06.2019 1 7251350 459950 106 1014 3 1 5 0 0 1 2012 0 0 0 0 0 0 0 0 0 0 -1 -1
758707 2 1 1 2.41 279 13.03 8.07 82 0 -1 1 1 -1
758707 2 2 4 .04 8 7.7 5.92 29 0 -1 1 1 -1
758818 4 7 4 1 0 1 1 0 3
758818 1 23 541 2 12 615 14.06.2019 1 7251350 474050 108 1002 3 1 4 0 0 1 0 0 0 0 0 0 0 0 0 0 0 -1 -1
758818 2 1 1 5.46 725 11.52 8.28 43 0 -1 1 1 -1
758818 2 2 2 .35 57 10.08 7.08 50 0 -1 1 1 -1
758818 2 3 4 .03 6 8.78 6.95 38 0 -1 1 1 -1
758875 4 7 4 1 0 1 1 0 3
758875 1 24 783 2 12 615 14.06.2019 1 7251350 508750 134 969 3 1 4 0 0 1 0 0 0 0 0 0 0 2011 3 0 0 -1 -1
758875 2 1 1 5.59 641 12.67 8.66 85 0 -1 1 1 -1
758875 2 2 2 .05 13 7.6 5.89 59 0 -1 1 1 -1
758875 2 3 4 .03 6 7.71 6.46 31 0 -1 1 1 -1
758994 4 7 4 1 0 1 1 0 3
758994 1 25 77.2 2 12 564 14.06.2019 1 7251450 468850 121 1000 3 1 4 0 0 1 0 0 0 0 0 2005 0 0 0 0 0 -1 -1
758994 2 1 1 10 1008 13.41 9.71 62 0 -1 1 1 -1
758994 2 2 2 .79 100 12.88 9.15 68 0 -1 1 1 -1
758994 2 3 4 .59 73 12.84 9.33 63 0 -1 1 1 -1
759172 4 7 4 1 0 1 1 0 3
759172 1 26 177 2 12 564 14.06.2019 1 7251550 462950 101 1018 3 1 4 2 0 1 0 0 0 0 0 0 0 0 0 0 0 -1 -1
759172 2 1 1 .25 36 5.5 4.5 15 0 -1 1 1 -1
759172 2 2 2 0 1 2.5 2 10 0 -1 1 1 -1
759172 2 3 4 .01 6 1.5 3 10 0 -1 1 1 -1
759638 4 7 4 1 0 1 1 0 3
759638 1 27 178.1 2 12 564 14.06.2019 1 7251750 462950 101 1018 3 1 4 2 0 1 0 0 0 0 2000 0 0 0 0 0 0 -1 -1
759638 2 1 1 9.41 938 13.57 10.01 62 0 -1 1 1 -1
759638 2 2 2 1.28 146 12.9 9.41 75 0 -1 1 1 -1
759638 2 3 4 .81 78 14.65 10.74 56 0 -1 1 1 -1
759863 4 7 4 1 1 1 1 0 3
759863 1 28 166.4 2 12 564 14.06.2019 1 7251850 461050 101 1016 3 1 4 2 1 1 2012 0 0 0 0 0 0 0 0 0 0 -1 -1
759863 2 1 1 8.56 892 13.39 9.35 72 0 -1 1 1 -1
759863 2 2 2 .19 36 9.66 7.4 67 0 -1 1 1 -1
759863 2 3 4 .02 5 7.79 7.39 25 0 -1 1 1 -1
759962 4 7 4 1 1 1 1 0 3
759962 1 29 325 2 12 615 14.06.2019 1 7251850 473050 112 1000 3 1 4 2 1 1 0 0 0 0 0 0 0 0 0 0 0 -1 -1
759962 2 1 1 8 959 12.2 8.73 72 0 -1 1 1 -1
759962 2 2 2 .57 93 10.64 7.72 58 0 -1 1 1 -1
759962 2 3 4 .12 22 9.21 7.9 38 0 -1 1 1 -1
760035 4 7 4 1 0 1 1 0 3
760035 1 30 658 2 12 615 14.06.2019 1 7251850 508350 133 969 3 1 4 0 0 1 0 0 0 0 0 0 0 0 0 0 0 -1 -1
760035 2 1 1 1.59 260 9.98 7.07 57 0 -1 1 1 -1
760202 4 7 4 1 1 1 1 0 3
760202 1 31 316 2 12 615 14.06.2019 1 7251950 472950 112 1000 3 1 4 2 1 1 0 0 0 0 0 0 0 0 0 0 0 -1 -1
760202 2 1 1 .01 1 11.23 7.43 87 0 -1 1 1 -1
760272 4 7 4 1 0 1 1 0 3
760272 1 32 90 2 12 615 14.06.2019 1 7251950 479950 108 1000 3 1 4 2 0 1 0 0 0 0 0 0 0 0 0 0 0 -1 -1
760272 2 1 1 .26 45 9.53 6.45 78 0 -1 1 1 -1
760272 2 2 4 .01 1 8.01 6.03 30 0 -1 1 1 -1
760474 4 7 4 1 0 1 1 0 3
760474 1 33 488.9 2 12 615 14.06.2019 1 7252050 476250 107 1003 3 1 4 0 0 1 0 0 0 0 0 0 0 2011 1 0 0 -1 -1
760474 2 1 1 7.62 981 11.75 8.45 57 0 -1 1 1 -1
760474 2 2 2 .45 76 10.89 7.62 47 0 -1 1 1 -1
760474 2 3 4 .05 9 8.11 7.88 28 0 -1 1 1 -1
760739 4 7 5 1 0 1 1 0 3
760739 1 34 787 2 12 615 14.06.2019 1 7252150 508450 133 969 3 1 5 0 0 1 0 0 0 0 0 0 0 0 0 0 0 -1 -1
760739 2 1 1 7.37 838 12.66 8.48 82 0 -1 1 1 -1
760739 2 2 2 .85 113 11.99 7.91 95 0 -1 1 1 -1
760739 2 3 4 .24 37 10.5 8.72 69 0 -1 1 1 -1
762147 4 7 4 1 0 1 1 0 3
762147 1 35 488.7 2 12 615 21.08.2013 1 7252950 476250 106 1002 3 1 4 0 0 1 0 0 0 0 0 0 0 2004 3 0 0 -1 -1
762147 2 1 1 0 1 4.8 4.3 53 0 -1 1 1 -1
762147 2 2 4 0 15 0 1.2 53 0 -1 1 1 -1
762333 4 7 4 1 0 1 1 0 3
762333 1 36 340.1 2 12 564 14.06.2019 1 7253150 452550 76 1030 3 1 4 2 0 1 0 0 0 0 0 0 0 0 0 0 0 -1 -1
762333 2 1 1 5.04 765 10.76 7.68 37 0 -1 1 1 -1
762333 2 2 2 1.19 214 9.87 6.89 41 0 -1 1 1 -1
762333 2 3 4 .22 88 11.45 8.31 45 0 -1 1 1 -1
762401 4 7 4 1 0 1 1 0 3
762401 1 37 20 2 12 564 14.06.2019 1 7253150 462550 95 1019 3 1 4 2 0 1 0 0 0 0 0 0 0 0 0 0 0 -1 -1
762401 2 1 1 1.3 158 12.27 8.54 71 0 -1 1 1 -1
762401 2 2 2 .17 22 13.02 8.4 71 0 -1 1 1 -1
762401 2 3 4 .08 13 11.31 8.43 54 0 -1 1 1 -1
762509 4 7 4 1 0 1 1 0 3
762509 1 38 0 2 12 564 14.06.2019 1 7253250 457550 91 1020 3 1 4 0 0 1 0 0 0 0 0 0 0 0 0 0 0 -1 -1
762509 2 1 1 6.74 1138 9.84 6.87 28 0 -1 1 1 -1
762509 2 2 2 .99 191 9.16 6.61 27 0 -1 1 1 -1
762509 2 3 4 .05 12 7.77 7.16 21 0 -1 1 1 -1
762595 4 7 4 1 0 1 1 0 3
762595 1 39 488.7 2 12 615 14.06.2019 1 7253250 476250 104 1002 3 1 4 0 0 1 0 2019 0 0 0 0 0 2004 3 0 0 -1 -1
762595 2 1 1 4.31 484 12.71 8.9 70 0 -1 1 1 -1
762595 2 2 2 .36 70 10.27 7.45 56 0 -1 1 1 -1
762595 2 3 4 .09 17 9.4 7.16 42 0 -1 1 1 -1
762621 4 7 4 1 0 1 1 0 3
762621 1 40 337.1 2 12 564 14.06.2019 1 7253350 452350 76 1030 3 1 4 0 0 1 0 0 0 0 0 0 0 2005 3 0 0 -1 -1
762621 2 1 1 6.05 728 12.38 8.95 55 0 -1 1 1 -1
762621 2 2 2 .76 148 9.96 7.2 55 0 -1 1 1 -1
762621 2 3 4 .72 70 13.83 8.49 48 0 -1 1 1 -1
762781 4 7 4 1 0 1 1 0 3
762781 1 41 408.6 2 12 564 14.06.2019 1 7253450 456250 89 1023 3 1 4 0 0 1 0 1998 0 0 0 0 0 0 0 0 0 -1 -1
762781 2 1 1 9.09 908 14.51 10.38 59 0 -1 1 1 -1
762781 2 2 2 1 117 14.05 9.98 70 0 -1 1 1 -1
762781 2 3 4 .59 72 12.55 9.88 82 0 -1 1 1 -1
763467 4 7 4 1 0 2 1 0 3
763467 1 42 15.1 2 12 564 14.06.2019 1 7253850 462250 96 1018 3 1 4 0 0 2 0 0 0 0 0 0 0 0 0 0 0 -1 -1
763467 2 1 1 .64 91 11.76 7.8 90 0 -1 1 1 -1
763467 2 2 2 .03 6 9.28 7.19 41 0 -1 1 1 -1
763467 2 3 4 .05 6 12.45 9.56 33 0 -1 1 1 -1
763678 4 7 4 1 0 1 1 0 3
763678 1 43 231.1 2 12 615 14.06.2019 1 7253950 465050 118 1003 3 1 4 0 0 1 0 0 0 0 0 0 0 0 0 0 0 -1 -1
763678 2 1 1 4.96 649 11.32 8.09 54 0 -1 1 1 -1
763678 2 2 2 1.39 223 10.36 7.34 44 0 -1 1 1 -1
763678 2 3 4 .63 91 10.83 8.67 49 0 -1 1 1 -1
763732 4 7 4 1 0 1 1 0 3
763732 1 44 277 2 12 615 14.06.2019 1 7253950 477450 102 1003 3 1 4 0 0 1 0 0 0 0 0 0 0 0 0 0 0 -1 -1
763732 2 1 1 5.7 451 16.1 11.16 47 0 -1 1 1 -1
763732 2 2 2 5.8 550 15.05 10.13 64 0 -1 1 1 -1
763732 2 3 4 3.17 357 12.84 10.63 51 0 -1 1 1 -1
763789 4 7 4 1 0 1 1 0 3
763789 1 45 354.2 2 12 564 14.06.2019 1 7254050 453550 78 1029 3 1 4 2 0 1 0 0 0 0 0 0 0 0 0 0 0 -1 -1
763789 2 1 1 12.05 947 14.73 11.4 60 0 -1 1 1 -1
763789 2 2 2 1.6 165 13.52 10.28 58 0 -1 1 1 -1
763789 2 3 4 .88 99 12.73 9.75 56 0 -1 1 1 -1
764015 4 7 4 1 0 1 1 0 3
764015 1 46 354.2 2 12 564 14.06.2019 1 7254150 453450 78 1029 3 1 4 2 0 1 0 0 0 0 0 0 0 0 0 0 0 -1 -1
764015 2 1 1 12.05 947 14.73 11.4 60 0 -1 1 1 -1
764015 2 2 2 1.6 165 13.52 10.28 58 0 -1 1 1 -1
764015 2 3 4 .88 99 12.73 9.75 56 0 -1 1 1 -1
764190 4 7 5 1 0 1 1 0 3
764190 1 47 268 2 12 615 14.06.2019 1 7254150 479050 109 998 3 1 5 0 0 1 0 0 0 0 0 0 0 0 0 0 0 -1 -1
764190 2 1 2 .01 2 9.93 7.06 54 0 -1 1 1 -1
764190 2 2 4 .01 1 11.53 7.85 54 0 -1 1 1 -1
764190 2 3 1 .28 28 13.34 9.65 72 0 -1 1 1 -1
764439 4 7 4 1 0 1 1 0 3
764439 1 48 265 2 12 615 14.06.2019 1 7254250 478950 109 998 3 1 4 0 0 1 0 0 0 0 0 0 0 0 0 0 0 -1 -1
764439 2 1 1 .95 123 12.03 7.75 89 0 -1 1 1 -1
764439 2 2 2 .01 2 11.22 8.02 63 0 -1 1 1 -1
764439 2 3 4 .01 1 8.01 6.03 30 0 -1 1 1 -1
764686 4 7 4 1 0 1 1 0 3
764686 1 49 266 2 12 615 14.06.2019 1 7254350 479150 109 998 3 1 4 0 0 1 0 0 0 0 0 0 0 0 0 0 0 -1 -1
764686 2 1 1 1.66 226 11.53 8.03 64 0 -1 1 1 -1
764686 2 2 2 .06 8 10.97 7.85 49 0 -1 1 1 -1
764704 4 7 3 1 0 1 1 0 3
764704 1 50 275 2 12 615 14.06.2019 1 7254350 480950 116 994 3 1 3 2 0 1 0 0 0 0 0 0 0 0 0 0 0 -1 -1
764704 2 1 1 .42 77 5.22 4.5 15 0 -1 1 1 -1
764704 2 2 2 0 1 3 1.5 10 0 -1 1 1 -1
764704 2 3 4 .01 1 1.5 2.5 10 0 -1 1 1 -1
764926 4 7 3 1 0 1 1 0 3
764926 1 51 267 2 12 615 14.06.2019 1 7254450 479150 109 998 3 1 3 2 0 1 0 0 0 0 0 0 0 0 0 0 0 -1 -1
764926 2 1 1 .53 99 9.19 6.44 58 0 -1 1 1 -1
765002 4 7 5 1 0 2 1 0 3
765002 1 52 408.22 2 12 564 14.06.2019 1 7254550 455850 85 1025 3 1 5 0 0 2 0 0 0 0 0 0 0 1999 3 0 0 -1 -1
765002 2 1 1 7.6 812 13.28 9.34 58 0 -1 1 1 -1
765002 2 2 2 .24 47 9.33 7.15 57 0 -1 1 1 -1
765002 2 3 4 .09 20 8.16 7.16 45 0 -1 1 1 -1
765940 4 7 3 1 0 1 1 0 3
765940 1 53 254 2 12 615 14.06.2019 1 7254850 477050 98 1003 3 1 3 3 0 1 0 0 0 0 0 0 0 0 0 0 0 -1 -1
765940 2 1 1 .1 18 5.57 4.61 15 0 -1 1 1 -1
765940 2 2 2 .05 14 5.8 4.84 14 0 -1 1 1 -1
765940 2 3 4 .01 14 1.5 3 10 0 -1 1 1 -1
766447 4 7 4 1 0 1 1 0 3
766447 1 54 0 2 12 615 14.06.2019 1 7255050 470850 111 1005 3 1 4 0 0 1 0 0 0 0 0 0 0 0 0 0 0 -1 -1
766447 2 1 1 .05 6 12.04 8.03 95 0 -1 1 1 -1
766538 4 7 3 1 0 1 1 0 3
766538 1 55 232 2 12 615 14.06.2019 1 7255050 480650 114 995 3 1 3 0 0 1 0 0 0 0 0 0 0 0 0 0 0 -1 -1
766538 2 1 1 1.17 147 12.3 7.75 103 0 -1 1 1 -1
766538 2 2 2 .02 3 9.75 7.62 45 0 -1 1 1 -1
766538 2 3 4 .02 4 9.06 7.19 37 0 -1 1 1 -1
766721 4 7 4 1 0 1 1 0 3
766721 1 56 123.2 2 12 615 14.06.2019 1 7255150 465350 118 1004 3 1 4 0 0 1 0 0 0 0 0 0 0 2016 3 0 0 -1 -1
766721 2 1 1 12.48 1037 14.43 10.51 61 0 -1 1 1 -1
766721 2 2 2 .49 88 10.09 7.81 43 0 -1 1 1 -1
766721 2 3 4 .77 112 11.81 9.57 47 0 -1 1 1 -1
766827 4 7 3 1 0 1 1 0 3
766827 1 57 232 2 12 615 14.06.2019 1 7255150 480550 114 995 3 1 3 0 0 1 0 0 0 0 0 0 0 0 0 0 0 -1 -1
766827 2 1 1 1.2 215 5.44 4.76 15 0 -1 1 1 -1
767108 4 7 3 1 0 1 1 0 3
767108 1 58 237 2 12 615 14.06.2019 1 7255250 479550 112 995 3 1 3 0 0 1 0 0 0 0 0 0 0 0 0 0 0 -1 -1
767108 2 1 1 1.14 184 9.8 6.89 62 0 -1 1 1 -1
767108 2 2 2 .03 5 8.26 5.46 20 0 -1 1 1 -1
767108 2 3 4 .02 4 8.01 6.03 30 0 -1 1 1 -1
767134 4 7 3 1 0 1 1 0 3
767134 1 59 3 2 12 615 15.06.2019 1 7255250 498150 118 983 3 1 3 0 0 1 0 0 0 0 0 0 0 0 0 0 0 -1 -1
767134 2 1 4 2.15 260 12.39 9.78 49 0 -1 1 1 -1
767134 2 2 1 8.27 738 14.22 10.35 61 0 -1 1 1 -1
767134 2 3 2 2.9 371 12.36 8.35 46 0 -1 1 1 -1
767387 4 7 4 1 0 1 1 0 3
767387 1 60 242 2 12 615 14.06.2019 1 7255350 478550 111 997 3 1 4 0 0 1 0 0 0 0 0 0 0 0 0 0 0 -1 -1
767387 2 1 1 .03 4 9.89 7.48 41 0 -1 1 1 -1
767406 4 7 3 1 0 6 1 0 3
767406 1 61 231 2 12 615 21.08.2013 1 7255350 480450 115 994 3 1 3 2 0 6 0 0 0 0 0 0 0 0 0 0 0 -1 -1
767406 2 1 1 .1 22 4 3.8 43 0 -1 1 1 -1
767934 4 7 5 1 0 1 1 0 3
767934 1 62 385 2 12 615 14.06.2019 1 7255550 471350 110 1001 3 1 5 0 0 1 0 0 0 0 0 0 0 0 0 0 0 -1 -1
767934 2 1 1 .88 118 11.53 8.34 56 0 -1 1 1 -1
767934 2 2 2 .02 5 9.13 6.87 55 0 -1 1 1 -1
767934 2 3 4 .01 1 7.92 6.17 37 0 -1 1 1 -1
768074 4 7 4 1 0 1 1 0 3
768074 1 63 307.5 2 12 615 15.06.2019 1 7255550 507750 131 966 3 1 4 0 0 1 0 0 0 0 0 0 0 0 0 0 0 -1 -1
768074 2 1 1 1.2 149 12.69 7.86 98 0 -1 1 1 -1
768074 2 2 2 .01 1 10.42 7.55 35 0 -1 1 1 -1
768074 2 3 4 .01 3 8.01 6.03 30 0 -1 1 1 -1
768611 4 7 4 1 0 1 1 0 3
768611 1 64 209 2 12 615 14.06.2019 1 7255750 477250 99 1002 3 1 4 0 0 1 0 0 0 0 0 0 0 2002 3 0 0 -1 -1
768611 2 1 1 1.48 205 11.04 7.76 71 0 -1 1 1 -1
768611 2 2 2 .06 11 9.77 7.03 56 0 -1 1 1 -1
768611 2 3 4 .01 1 8.01 6.03 30 0 -1 1 1 -1
769124 4 7 5 1 0 1 1 0 3
769124 1 65 278 2 12 564 14.06.2019 1 7255950 456050 87 1021 3 1 5 2 0 1 0 0 0 0 0 0 0 0 0 0 0 -1 -1
769124 2 1 1 .24 36 5.5 4.5 15 0 -1 1 1 -1
769124 2 2 2 .02 2 2.5 2 10 0 -1 1 1 -1
769124 2 3 4 .01 7 1.5 3 10 0 -1 1 1 -1
769285 4 7 4 1 0 1 1 0 3
769285 1 66 209 2 12 615 14.06.2019 1 7255950 477550 106 999 3 1 4 0 0 1 0 0 0 0 0 0 0 2002 3 0 0 -1 -1
769285 2 1 1 .04 6 9.56 7.03 33 0 -1 1 1 -1
769306 4 7 4 1 0 1 1 0 3
769306 1 67 225.2 2 12 615 14.06.2019 1 7255950 479650 114 994 3 1 4 0 0 1 0 0 0 0 0 0 0 0 0 0 0 -1 -1
769306 2 1 1 1.53 210 11.36 7.65 85 0 -1 1 1 -1
769306 2 2 2 .06 11 9.59 7.49 41 0 -1 1 1 -1
769306 2 3 4 .05 10 9.09 7.22 37 0 -1 1 1 -1
769353 4 7 4 1 0 1 1 0 3
769353 1 68 79.2 2 12 615 13.06.2019 1 7255950 503050 132 970 3 1 4 2 0 1 0 0 0 0 0 0 0 0 0 0 0 -1 -1
769353 2 1 1 2.1 367 6 5.5 15 0 -1 1 1 -1
769488 4 7 4 1 0 1 1 0 3
769488 1 69 160.6 2 12 564 14.06.2019 1 7256050 458850 105 1012 3 1 4 2 0 1 0 0 0 0 0 0 0 0 0 0 0 -1 -1
769488 2 1 1 1.15 188 5.5 4.5 15 0 -1 1 1 -1
769488 2 2 2 .1 26 2.5 2 10 0 -1 1 1 -1
769488 2 3 4 .08 76 1.5 3 10 0 -1 1 1 -1
769842 4 7 4 1 0 1 1 0 3
769842 1 70 0 2 12 564 14.06.2019 1 7256150 459750 100 1013 3 1 4 0 0 1 2010 0 0 0 0 0 0 2010 1 0 0 -1 -1
769842 2 1 1 11.64 868 15.54 11.31 64 0 -1 1 1 -1
769842 2 2 2 .87 128 11.48 8.49 57 0 -1 1 1 -1
769842 2 3 4 .15 27 9.32 8.21 52 0 -1 1 1 -1
770050 4 7 4 1 0 1 1 0 3
770050 1 71 79.3 2 12 615 15.06.2019 1 7256150 503350 130 971 3 1 4 2 0 1 0 0 0 0 0 0 0 0 0 0 0 -1 -1
770050 2 1 1 10.1 1044 12.8 9.39 59 0 -1 1 1 -1
770050 2 2 2 .64 119 10.19 7.24 62 0 -1 1 1 -1
770050 2 3 4 .23 41 9.18 8.42 47 0 -1 1 1 -1
770306 4 7 5 1 0 1 1 0 3
770306 1 72 358.6 2 12 615 14.06.2019 1 7256250 474250 101 1002 3 1 5 0 0 1 0 0 0 0 0 0 0 2015 3 0 0 -1 -1
770306 2 1 1 1.33 155 13.27 8.93 81 0 -1 1 1 -1
770306 2 2 2 .09 17 9.83 7.12 32 0 -1 1 1 -1
770306 2 3 4 .06 7 12.22 9.56 29 0 -1 1 1 -1
770594 4 7 4 1 0 1 1 0 3
770594 1 73 96.1 2 12 615 14.06.2019 1 7256350 463750 104 1010 3 1 4 0 0 1 0 0 0 0 0 0 0 0 0 0 0 -1 -1
770594 2 1 1 11.77 911 14.81 10.99 75 0 -1 1 1 -1
770594 2 2 2 .55 82 11.66 8.88 54 0 -1 1 1 -1
770594 2 3 4 .18 35 8.92 8.26 32 0 -1 1 1 -1
770615 4 7 5 1 0 1 1 0 3
770615 1 74 204 2 12 615 14.06.2019 1 7256350 466650 113 1006 3 1 5 0 0 1 0 0 0 0 0 0 0 0 0 0 0 -1 -1
770615 2 1 2 .02 2 9.88 7.35 39 0 -1 1 1 -1
770615 2 2 4 .02 4 7.95 5.97 29 0 -1 1 1 -1
770615 2 3 1 2.32 301 12.06 7.67 88 0 -1 1 1 -1
770765 4 7 5 1 0 6 1 0 3
770765 1 75 67.2 2 12 615 15.06.2019 1 7256350 502250 136 968 3 1 5 2 0 6 0 0 0 0 0 0 0 0 0 0 0 -1 -1
770765 2 1 1 .28 27 6.2 5.2 15 0 -1 1 1 -1
771000 4 7 5 1 0 1 1 0 3
771000 1 76 374.22 2 12 615 14.06.2019 1 7256450 470850 112 1003 3 1 5 0 0 1 0 0 0 0 0 0 0 2015 1 0 0 -1 -1
771000 2 1 1 7.3 741 13.86 9.89 68 0 -1 1 1 -1
771000 2 2 2 .28 72 8.09 6.05 48 0 -1 1 1 -1
771000 2 3 4 .23 36 10.66 7.96 60 0 -1 1 1 -1
771066 4 7 5 1 0 1 1 0 3
771066 1 77 212 2 12 615 14.06.2019 1 7256450 477650 107 998 3 1 5 0 0 1 0 0 0 0 0 0 0 2016 1 0 0 -1 -1
771066 2 1 1 8.68 696 15.61 11.46 62 0 -1 1 1 -1
771066 2 2 2 .46 85 11.69 8.09 56 0 -1 1 1 -1
771066 2 3 4 1.02 123 12.5 9.7 52 0 -1 1 1 -1
771239 4 7 4 1 0 1 1 0 3
771239 1 78 322 2 12 564 14.06.2019 1 7256550 455950 89 1019 3 1 4 0 0 1 0 0 0 0 0 0 0 2002 1 0 0 -1 -1
771239 2 1 1 14.26 1061 15.26 11.66 63 0 -1 1 1 -1
771239 2 2 2 .5 75 11.46 8.86 52 0 -1 1 1 -1
771239 2 3 4 .16 33 8.47 7.37 40 0 -1 1 1 -1
771507 4 7 5 1 0 6 1 0 3
771507 1 79 6.3 2 12 615 15.06.2019 1 7256550 503250 130 970 3 1 5 2 0 6 0 0 0 0 0 0 0 0 0 0 0 -1 -1
771507 2 1 1 3.45 311 15.23 10.63 88 0 -1 1 1 -1
771507 2 2 2 .31 51 12.36 8.43 109 0 -1 1 1 -1
771507 2 3 4 .1 17 8.98 7.09 64 0 -1 1 1 -1
771508 4 7 5 1 0 6 1 0 3
771508 1 80 6.3 2 12 615 15.06.2019 1 7256550 503350 127 970 3 1 5 2 0 6 0 0 0 0 0 0 0 0 0 0 0 -1 -1
771508 2 1 1 5.94 629 13.6 9.51 85 0 -1 1 1 -1
771508 2 2 2 .13 27 9.26 7.25 70 0 -1 1 1 -1
771508 2 3 4 .01 4 6.36 6.9 21 0 -1 1 1 -1
771598 4 7 4 1 0 1 1 0 3
771598 1 81 241 2 12 564 14.06.2019 1 7256650 455950 89 1019 3 1 4 2 0 1 0 0 0 0 0 0 0 0 0 0 0 -1 -1
771598 2 1 4 .15 29 8.29 7.41 42 0 -1 1 1 -1
771598 2 2 1 9.23 936 13.31 9.22 68 0 -1 1 1 -1
771598 2 3 2 .62 100 10.91 7.7 64 0 -1 1 1 -1
771788 4 7 5 1 0 1 1 0 3
771788 1 82 212.1 2 12 615 14.06.2019 1 7256650 477750 107 998 3 1 5 0 0 1 0 0 0 0 0 0 0 2016 1 0 0 -1 -1
771788 2 1 2 .22 36 9.66 7.05 35 0 -1 1 1 -1
771788 2 2 4 .07 14 8.01 6.03 30 0 -1 1 1 -1
771788 2 3 1 4.87 751 10.36 7.55 39 0 -1 1 1 -1
771964 4 7 4 1 1 1 1 0 3
771964 1 83 217.2 2 12 564 14.06.2019 1 7256750 457150 92 1018 3 1 4 2 1 1 0 0 0 0 0 0 0 0 0 0 0 -1 -1
771964 2 1 1 2.01 296 10.88 7.56 73 0 -1 1 1 -1
771964 2 2 2 .03 6 9.66 7.07 49 0 -1 1 1 -1
771964 2 3 4 .01 1 8.01 6.03 30 0 -1 1 1 -1
772408 4 7 4 1 0 1 1 0 3
772408 1 84 361 2 12 615 14.06.2019 1 7256850 469450 111 1005 3 1 4 0 0 1 0 0 0 0 0 0 0 2005 1 0 0 -1 -1
772408 2 1 1 2.44 369 10.55 7.28 57 0 -1 1 1 -1
772408 2 2 2 .29 63 8.51 5.88 27 0 -1 1 1 -1
772408 2 3 4 .07 9 10.73 8.24 29 0 -1 1 1 -1
772414 4 7 5 1 0 1 1 0 3
772414 1 85 386.7 2 12 615 14.06.2019 1 7256850 470050 113 1003 3 1 5 0 0 1 0 0 0 0 0 0 0 0 0 0 0 -1 -1
772414 2 1 1 3.8 643 9.61 7.21 39 0 -1 1 1 -1
772414 2 2 2 .13 22 9.29 6.38 20 0 -1 1 1 -1
772414 2 3 4 .04 8 8.01 6.03 30 0 -1 1 1 -1
772848 4 7 5 1 0 1 1 0 3
772848 1 86 21 2 12 615 14.06.2019 1 7256950 480550 118 993 3 1 5 0 0 1 0 0 0 0 0 0 0 0 0 0 0 -1 -1
772848 2 1 1 .65 105 9.97 6.99 59 0 -1 1 1 -1
772848 2 2 2 .02 6 7.3 4.36 30 0 -1 1 1 -1
773247 4 7 5 1 0 6 1 0 3
773247 1 87 8.5 2 12 615 13.06.2019 1 7257050 502850 131 968 3 1 5 2 0 6 0 0 0 0 0 0 0 0 0 0 0 -1 -1
773247 2 1 1 .2 26 11.38 7.8 88 0 -1 1 1 -1
773440 4 7 4 1 0 1 1 0 3
773440 1 88 0 2 12 615 14.06.2019 1 7257150 469250 108 1007 3 1 4 0 0 1 0 0 0 0 0 0 0 0 0 0 0 -1 -1
773440 2 1 1 .05 10 5.96 5.15 15 0 -1 1 1 -1
773501 4 7 5 1 0 1 1 0 3
773501 1 89 114.13 2 12 615 21.08.2013 1 7257150 477950 114 994 3 1 5 0 0 1 0 0 0 0 0 0 0 2002 3 0 0 -1 -1
773501 2 1 1 .6 97 5.1 4.5 55 0 -1 1 1 -1
773501 2 2 2 0 6 0 .9 55 0 -1 1 1 -1
773793 4 7 5 1 0 1 1 0 3
773793 1 90 386.7 2 12 615 14.06.2019 1 7257250 470250 115 1001 3 1 5 0 0 1 0 0 0 0 0 0 0 0 0 0 0 -1 -1
773793 2 1 1 4.44 518 12.36 8.78 59 0 -1 1 1 -1
773793 2 2 2 .33 43 11.64 8.07 49 0 -1 1 1 -1
773793 2 3 4 .03 2 17.46 6.73 49 0 -1 1 1 -1
773806 4 7 5 1 0 6 1 0 3
773806 1 91 371.1 2 12 615 14.06.2019 1 7257250 471550 113 1000 3 1 5 0 0 6 0 0 0 0 0 0 0 2011 3 0 0 -1 -1
773806 2 1 1 3.39 390 12.99 8.94 90 0 -1 1 1 -1
773806 2 2 2 .11 18 10.26 7.7 81 0 -1 1 1 -1
773806 2 3 4 .01 2 6.32 6.64 20 0 -1 1 1 -1
773871 4 7 4 1 0 1 1 0 3
773871 1 92 96 2 12 615 15.06.2019 1 7257250 496650 125 975 3 1 4 0 0 1 0 0 0 0 0 0 0 0 0 0 0 -1 -1
773871 2 1 1 4.68 707 10.64 7.71 69 0 -1 1 1 -1
773871 2 2 2 .09 25 7.09 4.72 34 0 -1 1 1 -1
773871 2 3 4 .01 1 8.01 6.03 30 0 -1 1 1 -1
773925 4 7 5 1 0 6 1 0 3
773925 1 93 19.7 2 12 615 13.06.2019 1 7257250 502750 129 969 3 1 5 2 0 6 0 0 0 0 0 0 0 0 0 0 0 -1 -1
773925 2 1 1 5.07 518 13.59 9.64 77 0 -1 1 1 -1
773925 2 2 2 .71 94 13.58 9.89 119 0 -1 1 1 -1
773925 2 3 4 .04 8 8.69 7.38 52 0 -1 1 1 -1
774041 4 7 4 1 0 1 1 0 3
774041 1 94 127.6 2 12 564 14.06.2019 1 7257350 458950 99 1011 3 1 4 0 0 1 0 0 0 0 0 0 0 0 0 0 0 -1 -1
774041 2 1 1 4.52 680 10.54 7.35 48 0 -1 1 1 -1
774041 2 2 2 .35 66 9.78 6.61 47 0 -1 1 1 -1
774041 2 3 4 .1 14 10.71 8.06 37 0 -1 1 1 -1
774128 4 7 4 1 0 1 1 0 3
774128 1 95 800 2 12 615 14.06.2019 1 7257350 469550 113 1003 3 1 4 0 0 1 0 0 0 0 0 0 0 0 0 0 0 -1 -1
774128 2 1 1 10.41 941 13.96 10.13 67 0 -1 1 1 -1
774128 2 2 2 .6 94 10.66 7.23 54 0 -1 1 1 -1
774128 2 3 4 .28 28 15.66 7.69 46 0 -1 1 1 -1
774130 4 7 4 1 0 1 1 0 3
774130 1 96 800 2 12 615 14.06.2019 1 7257350 469750 113 1003 3 1 4 0 0 1 0 0 0 0 0 0 0 0 0 0 0 -1 -1
774130 2 1 1 9.81 1038 12.71 9.52 46 0 -1 1 1 -1
774130 2 2 2 .65 105 11.5 8.25 42 0 -1 1 1 -1
774130 2 3 4 .23 44 9.13 7.84 35 0 -1 1 1 -1
774135 4 7 5 1 0 1 1 0 3
774135 1 97 368.2 2 12 615 14.06.2019 1 7257350 470250 115 1001 3 1 5 0 0 1 0 0 0 0 0 0 0 0 0 0 0 -1 -1
774135 2 1 1 8.79 850 13.28 9.73 57 0 -1 1 1 -1
774135 2 2 2 .72 110 10.95 7.49 71 0 -1 1 1 -1
774135 2 3 4 .41 48 13.89 8.02 52 0 -1 1 1 -1
774265 4 7 4 1 0 6 1 0 3
774265 1 98 66 2 12 615 13.06.2019 1 7257350 502650 129 969 3 1 4 2 0 6 0 0 0 0 0 0 0 0 0 0 0 -1 -1
774265 2 1 1 8.65 953 13.01 9.03 78 0 -1 1 1 -1
774265 2 2 2 .28 45 10.58 7.76 50 0 -1 1 1 -1
774265 2 3 4 .02 4 8.92 7.58 30 0 -1 1 1 -1
774498 4 7 5 1 0 1 1 0 3
774498 1 99 371.1 2 12 615 14.06.2019 1 7257450 471250 114 1000 3 1 5 0 0 1 0 0 0 0 0 0 0 2011 3 0 0 -1 -1
774498 2 1 1 1.69 253 10.01 6.92 77 0 -1 1 1 -1
774498 2 2 2 .01 1 8.37 6.49 20 0 -1 1 1 -1
774498 2 3 4 .03 6 8.01 6.03 30 0 -1 1 1 -1
774907 4 7 5 1 0 1 1 0 3
774907 1 100 122.7 2 12 615 14.06.2019 1 7257550 479650 115 993 3 1 5 0 0 1 0 0 0 0 0 0 0 2016 1 0 0 -1 -1
774907 2 1 1 .42 66 10.04 7.4 61 0 -1 1 1 -1
774907 2 2 2 .01 1 8.37 6.49 20 0 -1 1 1 -1
775157 4 7 5 1 0 1 1 0 3
775157 1 101 254 2 12 615 14.06.2019 1 7257650 466450 110 1006 3 1 5 0 0 1 0 0 0 0 0 0 0 0 0 0 0 -1 -1
775157 2 1 1 .21 24 6.13 5.13 15 0 -1 1 1 -1
775157 2 2 2 .02 2 6.5 5.5 15 0 -1 1 1 -1
775189 4 7 5 1 0 1 1 0 3
775189 1 102 357.2 2 12 615 14.06.2019 1 7257650 469950 115 1001 3 1 5 0 0 1 0 0 0 0 0 0 0 0 0 0 0 -1 -1
775189 2 1 1 .34 28 14.61 10.39 68 0 -1 1 1 -1
775189 2 2 2 .01 1 9.14 6.77 57 0 -1 1 1 -1
775263 4 7 4 1 0 1 1 0 3
775263 1 103 119 2 12 615 14.06.2019 1 7257650 479950 115 994 3 1 4 3 0 1 0 0 0 0 0 0 0 0 0 0 0 -1 -1
775263 2 1 1 .38 52 11.5 8.09 51 0 -1 1 1 -1
775263 2 2 2 .04 7 11.04 7.68 27 0 -1 1 1 -1
775263 2 3 4 .04 3 13.19 10.34 42 0 -1 1 1 -1
775282 4 7 4 1 0 1 1 0 3
775282 1 104 88 2 12 615 15.06.2019 1 7257650 497150 125 975 3 1 4 2 0 1 0 0 0 0 0 0 0 0 0 0 0 -1 -1
775282 2 1 1 7.61 849 12.84 9.01 75 0 -1 1 1 -1
775282 2 2 2 .48 76 11.21 7.95 60 0 -1 1 1 -1
775282 2 3 4 .05 11 7.81 7.35 27 0 -1 1 1 -1
775333 4 7 4 1 0 6 1 0 3
775333 1 105 66 2 12 615 15.06.2019 1 7257650 502650 129 969 3 1 4 2 0 6 0 0 0 0 0 0 0 0 0 0 0 -1 -1
775333 2 1 1 9.71 780 15.84 11.22 79 0 -1 1 1 -1
775333 2 2 2 .75 126 11.63 8.49 69 0 -1 1 1 -1
775333 2 3 4 .17 24 10.77 8.54 42 0 -1 1 1 -1
775489 4 7 4 1 0 1 1 0 3
775489 1 106 0 2 12 615 21.08.2013 1 7257750 462750 95 1011 3 1 4 0 0 1 0 0 0 0 0 0 0 0 0 0 0 -1 -1
775489 2 1 1 .1 55 4.1 3.5 0 0 -1 1 1 -1
775489 2 2 4 0 4 0 .5 0 0 -1 1 1 -1
775507 4 7 5 1 0 1 1 0 3
775507 1 107 254 2 12 615 14.06.2019 1 7257750 466350 110 1006 3 1 5 0 0 1 0 0 0 0 0 0 0 0 0 0 0 -1 -1
775507 2 1 1 7.95 855 13.47 10.04 59 0 -1 1 1 -1
775507 2 2 2 .3 51 10.81 7.8 54 0 -1 1 1 -1
775507 2 3 4 .03 9 7.04 6.63 24 0 -1 1 1 -1
775536 4 7 4 1 0 1 1 0 3
775536 1 108 358 2 12 615 14.06.2019 1 7257750 469550 113 1003 3 1 4 0 0 1 0 0 0 0 0 0 0 0 0 0 0 -1 -1
775536 2 1 1 .12 24 5.21 4.5 15 0 -1 1 1 -1
775544 4 7 5 1 0 1 1 0 3
775544 1 109 346.9 2 12 615 14.06.2019 1 7257750 470350 114 1001 3 1 5 0 0 1 0 0 0 0 0 0 0 0 0 0 0 -1 -1
775544 2 1 1 .15 19 11.61 7.97 76 0 -1 1 1 -1
775544 2 2 2 .01 1 9.92 7.32 44 0 -1 1 1 -1
775861 4 7 5 1 0 1 1 0 3
775861 1 110 251 2 12 615 14.06.2019 1 7257850 465650 107 1006 3 1 5 2 0 1 0 0 0 0 0 2011 0 0 0 0 0 -1 -1
775861 2 1 1 .8 80 14.68 10.1 95 0 -1 1 1 -1
775861 2 2 4 .01 3 7.42 6.25 26 0 -1 1 1 -1
775909 4 7 4 1 0 1 1 0 3
775909 1 111 331 2 12 615 14.06.2019 1 7257850 471450 110 1001 3 1 4 0 0 1 0 0 0 0 0 0 0 0 0 0 0 -1 -1
775909 2 1 1 .04 6 10.14 7.53 70 0 -1 1 1 -1
776248 4 7 5 1 0 1 1 0 3
776248 1 112 341 2 12 615 14.06.2019 1 7257950 470750 115 1000 3 1 5 0 0 1 0 0 0 0 0 0 0 0 0 0 0 -1 -1
776248 2 1 1 .15 19 11.61 7.97 76 0 -1 1 1 -1
776248 2 2 2 .01 1 9.92 7.32 44 0 -1 1 1 -1
776384 4 7 5 1 0 1 1 0 3
776384 1 113 37 2 12 615 15.06.2019 1 7257950 502150 130 969 3 1 5 0 0 1 0 0 0 0 0 0 0 0 0 0 0 -1 -1
776384 2 1 1 .81 126 10.7 7.03 86 0 -1 1 1 -1
776384 2 2 4 .01 2 8.01 6.03 30 0 -1 1 1 -1
776550 4 7 5 1 0 1 1 0 3
776550 1 114 234 2 12 615 14.06.2019 1 7258050 467850 110 1006 3 1 5 0 0 1 0 0 0 0 0 0 0 0 0 0 0 -1 -1
776550 2 1 1 10.89 874 15.86 11.86 70 0 -1 1 1 -1
776550 2 2 2 3.36 305 15.61 10.97 116 0 -1 1 1 -1
776550 2 3 4 1.08 153 12 10.31 69 0 -1 1 1 -1
776565 4 7 5 1 0 1 1 0 3
776565 1 115 390 2 12 615 21.08.2013 1 7258050 469350 116 1001 3 1 5 0 0 1 0 0 0 0 0 0 0 0 0 0 0 -1 -1
776565 2 1 2 0 4 0 .7 44 0 -1 1 1 -1
776565 2 2 1 .3 91 4.2 3.6 44 0 -1 1 1 -1
776633 4 7 5 1 0 1 1 0 3
776633 1 116 114.11 2 12 615 14.06.2019 1 7258050 479150 114 993 3 1 5 0 0 1 0 0 0 0 0 2001 0 0 0 0 0 -1 -1
776633 2 1 1 .03 5 9.95 6.71 70 0 -1 1 1 -1
776745 4 7 4 1 0 1 1 0 3
776745 1 117 200.1 2 12 615 15.06.2019 1 7258050 506750 128 966 3 1 4 0 0 1 0 2012 0 0 0 0 0 2004 3 0 0 -1 -1
776745 2 1 1 6.52 837 12.43 8.98 52 0 -1 1 1 -1
776745 2 2 2 1.1 151 12.56 8.13 89 0 -1 1 1 -1
776745 2 3 4 .74 115 11.96 9.71 68 0 -1 1 1 -1
776880 4 7 5 1 0 1 1 0 3
776880 1 118 346.9 2 12 615 14.06.2019 1 7258150 470350 115 1000 3 1 5 0 0 1 0 0 0 0 0 0 0 0 0 0 0 -1 -1
776880 2 1 1 .04 5 11.33 7.87 74 0 -1 1 1 -1
777129 4 7 5 1 0 1 1 0 3
777129 1 119 89.8 2 12 564 14.06.2019 1 7258250 460550 92 1012 3 1 5 0 0 1 0 0 0 0 0 0 0 0 0 0 0 -1 -1
777129 2 1 1 10.67 1118 13.15 9.18 63 0 -1 1 1 -1
777129 2 2 2 .11 32 7.13 5.45 37 0 -1 1 1 -1
777129 2 3 4 .04 11 6.69 5.88 23 0 -1 1 1 -1
777279 4 7 4 1 0 1 1 0 3
777279 1 120 25 2 12 615 15.06.2019 1 7258250 501450 130 970 3 1 4 0 0 1 0 0 0 0 0 0 0 0 0 0 0 -1 -1
777279 2 1 1 8.3 737 16.26 10.91 73 0 -1 1 1 -1
777279 2 2 2 3.19 301 16.9 11.52 97 0 -1 1 1 -1
777279 2 3 4 1.73 196 14.22 11.06 58 0 -1 1 1 -1
777416 4 7 5 1 0 1 1 0 3
777416 1 121 89.8 2 12 564 14.06.2019 1 7258350 460350 92 1012 3 1 5 0 0 1 0 0 0 0 0 0 0 0 0 0 0 -1 -1
777416 2 1 1 10.65 1044 13.85 9.65 51 0 -1 1 1 -1
777416 2 2 2 .13 25 9.64 7.15 42 0 -1 1 1 -1
777416 2 3 4 .09 22 8.04 7.41 27 0 -1 1 1 -1
777769 4 7 5 1 0 1 1 0 3
777769 1 122 346.18 2 12 615 14.06.2019 1 7258450 469650 116 1000 3 1 5 0 0 1 0 0 0 0 0 0 0 0 0 0 0 -1 -1
777769 2 1 1 .04 5 11.33 7.87 74 0 -1 1 1 -1
777843 4 7 4 1 0 1 1 0 3
777843 1 123 176 2 12 615 14.06.2019 1 7258450 480950 118 992 3 1 4 0 0 1 0 0 0 0 0 2012 0 2005 4 0 0 -1 -1
777843 2 1 1 5.52 727 12.1 8.57 46 0 -1 1 1 -1
777843 2 2 2 1.29 145 14.4 9.63 85 0 -1 1 1 -1
777843 2 3 4 .29 44 10.73 8.72 59 0 -1 1 1 -1
777924 4 7 4 1 0 1 1 0 3
777924 1 124 122.15 2 12 615 15.06.2019 1 7258450 506050 130 965 3 1 4 0 0 1 0 0 0 0 0 0 0 2004 3 0 0 -1 -1
777924 2 1 1 12.36 957 15.44 11.46 62 0 -1 1 1 -1
777924 2 2 2 .49 61 12.74 9.31 50 0 -1 1 1 -1
777924 2 3 4 .1 13 12.84 8.77 47 0 -1 1 1 -1
778143 4 7 3 1 0 1 1 0 3
778143 1 125 173 2 12 615 14.06.2019 1 7258550 479650 113 993 3 1 3 0 0 1 0 0 0 0 0 0 0 0 0 0 0 -1 -1
778143 2 1 1 2.6 267 13.9 9.68 28 0 -1 1 1 -1
778143 2 2 2 5.67 966 10.66 7.2 44 0 -1 1 1 -1
778143 2 3 4 3.36 1338 8.47 7.22 21 0 -1 1 1 -1
778717 4 7 5 1 0 1 1 0 3
778717 1 126 346.6 2 12 615 14.06.2019 1 7258750 468650 113 1004 3 1 5 0 0 1 0 0 0 0 0 0 0 0 0 0 0 -1 -1
778717 2 1 4 .07 17 8.06 6.47 31 0 -1 1 1 -1
778717 2 2 2 .28 49 10.55 7.85 48 0 -1 1 1 -1
778717 2 3 1 10.98 1127 13.3 9.5 59 0 -1 1 1 -1
778723 4 7 5 1 0 1 1 0 3
778723 1 127 346.8 2 12 615 14.06.2019 1 7258750 469650 116 1000 3 1 5 0 0 1 0 0 0 0 0 0 0 0 0 0 0 -1 -1
778723 2 1 1 .15 24 10.07 6.88 73 0 -1 1 1 -1
778822 4 7 4 1 1 1 1 0 3
778822 1 128 429.2 2 12 615 15.06.2019 1 7258750 498450 122 974 3 1 4 0 1 1 0 0 0 0 0 0 0 2011 3 0 0 -1 -1
778822 2 1 1 5.67 704 12.16 8.57 64 0 -1 1 1 -1
778822 2 2 2 .99 160 10.92 7.63 56 0 -1 1 1 -1
778822 2 3 4 .41 54 11.86 9.02 42 0 -1 1 1 -1
778993 4 7 4 1 0 1 1 0 3
778993 1 129 134 2 12 615 14.06.2019 1 7258850 462950 98 1008 3 1 4 0 0 1 0 0 0 0 0 0 0 0 0 0 0 -1 -1
778993 2 1 1 15.4 1049 15.82 12.14 61 0 -1 1 1 -1
778993 2 2 2 .56 58 13.71 10.56 49 0 -1 1 1 -1
778993 2 3 4 .17 26 10.35 8.87 36 0 -1 1 1 -1
779628 4 7 5 1 0 1 1 0 3
779628 1 130 210.3 2 12 615 14.06.2019 1 7259050 465650 105 1007 3 1 5 0 0 1 0 0 0 0 0 0 0 2012 3 0 0 -1 -1
779628 2 1 1 9.36 910 14.4 10.46 65 0 -1 1 1 -1
779628 2 2 2 1.45 176 13.53 9.78 84 0 -1 1 1 -1
779628 2 3 4 .12 23 8.89 7.36 57 0 -1 1 1 -1
779738 4 7 3 1 0 1 1 0 3
779738 1 131 168.1 2 12 615 14.06.2019 1 7259050 480950 118 991 3 1 3 0 0 1 0 0 0 0 0 2012 0 2005 4 0 0 -1 -1
779738 2 1 1 9.5 837 14.69 10.63 66 0 -1 1 1 -1
779738 2 2 2 2.1 273 12.49 9.15 79 0 -1 1 1 -1
779738 2 3 4 .52 69 11.53 9.37 50 0 -1 1 1 -1
780023 4 7 4 1 0 1 1 0 3
780023 1 132 139.3 2 12 615 14.06.2019 1 7259150 480250 115 992 3 1 4 0 0 1 0 0 0 0 0 0 0 0 0 0 0 -1 -1
780023 2 1 1 7.5 985 11.32 7.9 65 0 -1 1 1 -1
780023 2 2 2 .57 99 9.69 7.08 36 0 -1 1 1 -1
780023 2 3 4 .08 12 11.64 6.83 35 0 -1 1 1 -1
780032 4 7 4 1 0 1 1 0 3
780032 1 133 164 2 12 615 14.06.2019 1 7259150 481150 118 991 3 1 4 0 0 1 0 0 0 0 0 0 0 0 0 0 0 -1 -1
780032 2 1 1 5.95 861 10.89 7.87 52 0 -1 1 1 -1
780032 2 2 2 .44 74 10.19 7.02 49 0 -1 1 1 -1
780032 2 3 4 .13 18 10.92 8.72 46 0 -1 1 1 -1
780060 4 7 5 1 0 1 1 0 3
780060 1 134 11.1 2 12 615 15.06.2019 1 7259150 498550 126 973 3 1 5 0 0 1 0 0 0 0 0 2000 0 0 0 0 0 -1 -1
780060 2 1 1 8.92 832 14.41 10.26 62 0 -1 1 1 -1
780060 2 2 2 1.41 175 13.27 9.11 84 0 -1 1 1 -1
780060 2 3 4 .56 54 13.13 9.79 47 0 -1 1 1 -1
780589 4 7 4 1 0 1 1 0 3
780589 1 135 139.3 2 12 615 14.06.2019 1 7259350 480250 114 992 3 1 4 0 0 1 0 0 0 0 0 0 0 0 0 0 0 -1 -1
780589 2 1 1 5.58 741 11.46 7.67 74 0 -1 1 1 -1
780589 2 2 2 .23 35 10.38 7.09 55 0 -1 1 1 -1
780589 2 3 4 .03 6 7.91 5.94 29 0 -1 1 1 -1
780873 4 7 4 1 0 1 1 0 3
780873 1 136 0 2 12 615 21.08.2013 1 7259450 480350 116 991 3 1 4 0 0 1 0 0 0 0 0 0 0 0 0 0 0 -1 -1
780873 2 1 1 .2 52 4.8 4.1 58 0 -1 1 1 -1
780873 2 2 2 0 10 1.8 1.7 58 0 -1 1 1 -1
780873 2 3 4 0 127 0 1.2 58 0 -1 1 1 -1
780995 4 7 4 1 0 1 1 0 3
780995 1 137 459 2 12 615 15.06.2019 1 7259450 512750 145 953 3 1 4 0 0 1 0 0 0 0 0 0 0 0 0 0 0 -1 -1
780995 2 1 1 6.59 715 13.19 9.53 56 0 -1 1 1 -1
780995 2 2 2 .51 64 13.17 8.51 76 0 -1 1 1 -1
780995 2 3 4 .18 23 11.22 8.71 58 0 -1 1 1 -1
781004 4 7 4 1 0 1 1 0 3
781004 1 138 27.1 2 12 615 15.06.2019 1 7259450 513650 146 953 3 1 4 0 0 1 0 0 0 0 0 0 0 0 0 0 0 -1 -1
781004 2 1 1 6.86 750 13.46 9.65 59 0 -1 1 1 -1
781004 2 2 2 2.31 173 17.75 11.43 68 0 -1 1 1 -1
781004 2 3 4 .48 52 13.93 10.88 72 0 -1 1 1 -1
782026 4 7 4 1 0 1 1 0 3
782026 1 139 122.11 2 12 615 15.06.2019 1 7259850 505450 127 966 3 1 4 0 0 1 0 2011 0 0 0 0 0 2004 3 0 0 -1 -1
782026 2 1 1 10.29 837 15.91 11.06 67 0 -1 1 1 -1
782026 2 2 2 1.78 165 16.25 10.98 102 0 -1 1 1 -1
782026 2 3 4 .53 52 13.68 10.79 71 0 -1 1 1 -1
782163 4 7 5 1 0 1 1 0 3
782163 1 140 309 2 12 615 14.06.2019 1 7259950 471150 108 998 3 1 5 0 0 1 0 0 0 0 0 0 0 0 0 0 0 -1 -1
782163 2 1 1 7.45 957 11.92 8.42 66 0 -1 1 1 -1
782163 2 2 2 .16 28 9.89 7.79 48 0 -1 1 1 -1
782163 2 3 4 .05 11 8.21 6.75 32 0 -1 1 1 -1
782299 4 7 4 1 0 2 1 0 3
782299 1 141 476.1 2 12 615 15.06.2019 1 7259950 511450 142 956 3 1 4 1 0 2 0 0 0 0 0 0 0 0 0 0 0 -1 -1
782299 2 1 1 8.39 826 14.14 10.23 70 0 -1 1 1 -1
782299 2 2 2 1.43 150 15.05 10.72 129 0 -1 1 1 -1
782299 2 3 4 .15 23 9.8 7.79 70 0 -1 1 1 -1
782423 4 7 4 1 0 1 1 0 3
782423 1 142 311 2 12 615 14.06.2019 1 7260050 471350 104 999 3 1 4 0 0 1 0 2014 0 0 0 0 0 2013 3 0 0 -1 -1
782423 2 1 1 9.34 1053 12.53 8.94 65 0 -1 1 1 -1
782423 2 2 2 .5 96 9.35 7.01 41 0 -1 1 1 -1
782423 2 3 4 .07 15 7.9 6.97 31 0 -1 1 1 -1
782430 4 7 4 1 0 1 1 0 3
782430 1 143 425.3 2 12 615 14.06.2019 1 7260050 472550 99 1001 3 1 4 0 0 1 0 0 0 0 0 0 0 2012 1 0 0 -1 -1
782430 2 1 2 .54 75 11.7 7.92 51 0 -1 1 1 -1
782430 2 2 4 .13 27 7.97 6.64 28 0 -1 1 1 -1
782430 2 3 1 5.74 828 10.36 7.29 65 0 -1 1 1 -1
782501 4 7 5 1 0 6 1 0 3
782501 1 144 3.9 2 12 615 15.06.2019 1 7260050 495250 125 976 3 1 5 0 0 6 0 0 0 0 0 0 0 0 0 0 0 -1 -1
782501 2 1 1 .57 73 6.2 5.2 15 0 -1 1 1 -1
783239 4 7 5 1 0 1 1 0 3
783239 1 145 76 2 12 615 15.06.2019 1 7260350 495950 130 972 3 1 5 0 0 1 0 0 0 0 0 0 0 0 0 0 0 -1 -1
783239 2 1 1 .51 73 5.72 4.93 15 0 -1 1 1 -1
783239 2 2 2 .03 7 5.63 4.69 14 0 -1 1 1 -1
783239 2 3 4 0 6 1.5 3 10 0 -1 1 1 -1
783915 4 7 4 1 0 1 1 0 3
783915 1 146 363.11 2 12 615 15.06.2019 1 7260650 504050 122 968 3 1 4 0 0 1 0 0 0 0 0 0 0 0 0 0 0 -1 -1
783915 2 1 1 9.37 897 13.63 9.96 60 0 -1 1 1 -1
783915 2 2 2 .78 111 13.04 8.31 56 0 -1 1 1 -1
783915 2 3 4 .21 32 10.62 7.93 57 0 -1 1 1 -1
784048 4 7 5 1 0 1 1 0 3
784048 1 147 29 2 12 615 15.06.2019 1 7260750 494050 121 978 3 1 5 0 0 1 0 0 0 0 0 0 0 0 0 0 0 -1 -1
784048 2 1 1 10.19 1049 13.2 9.9 59 0 -1 1 1 -1
784048 2 2 2 .8 122 11.12 8.18 55 0 -1 1 1 -1
784048 2 3 4 .82 103 12.65 9.79 50 0 -1 1 1 -1
784267 4 7 5 1 0 1 1 0 3
784267 1 148 53 2 12 615 15.06.2019 1 7260850 494850 128 974 3 1 5 0 0 1 0 0 0 0 0 0 0 0 0 0 0 -1 -1
784267 2 1 1 9.29 900 13.65 10 62 0 -1 1 1 -1
784267 2 2 2 .75 110 11.49 7.93 68 0 -1 1 1 -1
784267 2 3 4 .34 43 12.41 8.48 57 0 -1 1 1 -1
784364 4 7 5 1 0 1 1 0 3
784364 1 149 79.41 2 12 564 15.06.2019 1 7260950 458150 90 1010 3 1 5 0 0 1 0 0 0 0 0 0 0 0 0 0 0 -1 -1
784364 2 1 1 3.1 443 10.79 7.37 90 0 -1 1 1 -1
784364 2 2 4 .03 6 8.01 6.03 30 0 -1 1 1 -1
784474 4 7 4 1 0 1 1 0 3
784474 1 150 38 2 12 615 15.06.2019 1 7260950 479450 111 992 3 1 4 0 0 1 0 2008 0 0 0 0 0 2005 3 0 0 -1 -1
784474 2 1 1 10.8 1063 13.52 9.76 59 0 -1 1 1 -1
784474 2 2 2 .7 133 9.79 7.43 37 0 -1 1 1 -1
784474 2 3 4 .27 47 10.19 8.9 40 0 -1 1 1 -1
784579 4 7 4 1 0 6 1 0 3
784579 1 151 350.2 2 12 615 15.06.2019 1 7260950 503950 121 968 3 1 4 0 0 6 0 0 0 0 0 0 0 0 0 0 0 -1 -1
784579 2 1 1 .12 12 12.83 8.9 77 0 -1 1 1 -1
784991 4 7 3 1 0 1 1 0 3
784991 1 152 41.4 2 12 615 15.06.2019 1 7261150 479650 111 992 3 1 3 3 0 1 0 0 0 0 0 0 0 2002 3 0 0 -1 -1
784991 2 1 1 6.54 702 12.88 9.17 70 0 -1 1 1 -1
784991 2 2 2 .27 47 10.04 7.07 54 0 -1 1 1 -1
784991 2 3 4 .12 17 11.26 7.7 48 0 -1 1 1 -1
785128 4 7 4 1 0 1 1 0 3
785128 1 153 0 2 12 564 15.06.2019 1 7261250 458050 90 1011 3 1 4 0 0 1 0 0 0 0 0 0 0 0 0 0 0 -1 -1
785128 2 1 1 3.03 436 11.21 7.53 87 0 -1 1 1 -1
785128 2 2 2 .03 5 8.68 5.61 23 0 -1 1 1 -1
785128 2 3 4 .03 6 8.01 6.03 30 0 -1 1 1 -1
785478 4 7 4 1 0 1 1 0 3
785478 1 154 393.1 2 12 615 14.06.2019 1 7261350 472150 97 1001 3 1 4 0 0 1 0 2008 0 0 0 0 0 2004 1 0 0 -1 -1
785478 2 1 1 10.19 1032 13.5 9.64 70 0 -1 1 1 -1
785478 2 2 2 1.78 284 10.72 8.01 64 0 -1 1 1 -1
785478 2 3 4 .15 30 8.81 7.68 43 0 -1 1 1 -1
785719 4 7 4 1 0 1 1 0 3
785719 1 155 391.2 2 12 615 15.06.2019 1 7261450 471750 97 1001 3 1 4 0 0 1 0 0 0 0 0 0 0 0 0 0 0 -1 -1
785719 2 1 1 7.45 889 12.27 8.55 48 0 -1 1 1 -1
785719 2 2 2 1.65 176 14.54 9.71 65 0 -1 1 1 -1
785719 2 3 4 .29 40 11.76 9.51 61 0 -1 1 1 -1
785965 4 7 4 1 0 1 1 0 3
785965 1 156 457 2 12 615 14.06.2019 1 7261550 472150 97 1001 3 1 4 0 0 1 0 2008 0 0 0 0 0 2004 1 0 0 -1 -1
785965 2 1 1 8.99 974 13.11 9 43 0 -1 1 1 -1
785965 2 2 2 3.17 542 10.15 7.49 36 0 -1 1 1 -1
785965 2 3 4 .31 142 8.16 7.52 42 0 -1 1 1 -1
785968 4 7 5 1 0 6 1 0 3
785968 1 157 403 2 12 615 14.06.2019 1 7261550 472450 95 1001 3 1 5 0 0 6 0 0 0 0 0 0 0 0 0 0 0 -1 -1
785968 2 1 1 .16 18 12.84 8.94 78 0 -1 1 1 -1
786004 4 7 4 1 0 1 1 0 3
786004 1 158 60 2 12 615 15.06.2019 1 7261550 480550 117 988 3 1 4 0 0 1 0 0 0 0 0 0 0 0 0 0 0 -1 -1
786004 2 1 1 7.89 741 14.46 9.82 76 0 -1 1 1 -1
786004 2 2 2 .37 75 9.57 7.22 63 0 -1 1 1 -1
786004 2 3 4 .05 12 7.53 6.81 36 0 -1 1 1 -1
786030 4 7 5 1 0 1 1 0 3
786030 1 159 36 2 12 615 15.06.2019 1 7261550 494250 125 976 3 1 5 0 0 1 0 0 0 0 0 0 0 0 0 0 0 -1 -1
786030 2 1 1 9.99 894 14.4 10.43 67 0 -1 1 1 -1
786030 2 2 2 2.42 302 12.74 8.91 65 0 -1 1 1 -1
786030 2 3 4 2.15 245 12.9 10.06 61 0 -1 1 1 -1
786975 4 7 4 1 0 1 1 0 3
786975 1 160 0 2 12 615 15.06.2019 1 7262050 485350 119 982 3 1 4 0 0 1 0 0 0 0 0 0 0 0 0 0 0 -1 -1
786975 2 1 1 11.1 1107 12.83 9.34 57 0 -1 1 1 -1
786975 2 2 2 .7 110 11.06 7.89 39 0 -1 1 1 -1
786975 2 3 4 .44 65 10.96 9.28 40 0 -1 1 1 -1
786976 4 7 4 1 0 1 1 0 3
786976 1 161 0 2 12 615 15.06.2019 1 7262050 485450 119 982 3 1 4 0 0 1 0 0 0 0 0 0 0 0 0 0 0 -1 -1
786976 2 1 2 .71 96 12.3 8.8 43 0 -1 1 1 -1
786976 2 2 4 .69 85 12.07 10.01 56 0 -1 1 1 -1
786976 2 3 1 11.19 1095 13.27 9.88 52 0 -1 1 1 -1
786978 4 7 4 1 0 1 1 0 3
786978 1 162 0 2 12 615 15.06.2019 1 7262050 485650 119 982 3 1 4 0 0 1 0 0 0 0 0 0 0 0 0 0 0 -1 -1
786978 2 1 1 11.3 958 14.45 10.6 56 0 -1 1 1 -1
786978 2 2 2 .9 159 10.17 7.81 37 0 -1 1 1 -1
786978 2 3 4 .93 107 14.16 10.29 35 0 -1 1 1 -1
787689 4 7 4 1 0 1 1 0 3
787689 1 163 479 2 12 615 15.06.2019 1 7262550 467850 103 999 3 1 4 0 0 1 0 0 0 0 0 0 0 2015 3 0 0 -1 -1
787689 2 1 1 7.51 796 13.34 9.31 59 0 -1 1 1 -1
787689 2 2 2 .96 153 12.24 8.03 51 0 -1 1 1 -1
787689 2 3 4 .47 49 12.7 9.71 66 0 -1 1 1 -1
788063 4 7 3 1 0 1 1 0 3
788063 1 164 7 2 12 615 15.06.2019 1 7262750 481250 119 986 3 1 3 3 0 1 0 0 0 0 0 0 0 0 0 0 0 -1 -1
788063 2 1 1 .06 9 9.65 7.04 46 0 -1 1 1 -1
788433 4 7 5 1 0 1 1 0 3
788433 1 165 201.3 2 12 615 21.08.2013 1 7262950 481550 115 985 3 1 5 0 0 1 0 0 0 0 0 0 2004 2001 3 0 0 -1 -1
788433 2 1 1 .2 41 4.8 4 57 0 -1 1 1 -1
788433 2 2 2 0 6 0 .7 57 0 -1 1 1 -1
789024 4 7 4 1 0 1 1 0 3
789024 1 166 165 2 12 615 15.06.2019 1 7263250 473050 91 1001 3 1 4 0 0 1 0 0 0 0 0 0 0 0 0 0 0 -1 -1
789024 2 1 1 .74 109 6 5.2 15 0 -1 1 1 -1
789024 2 2 2 1.27 219 6 5.7 15 0 -1 1 1 -1
789024 2 3 4 .35 91 4 4.5 10 0 -1 1 1 -1
789049 4 7 4 1 1 1 1 0 3
789049 1 167 207.2 2 12 615 15.06.2019 1 7263250 482150 110 986 3 1 4 2 1 1 2011 0 0 0 0 0 0 2011 1 0 0 -1 -1
789049 2 1 1 12.84 865 15.99 12.01 74 0 -1 1 1 -1
789049 2 2 2 .69 113 11.02 8.57 72 0 -1 1 1 -1
789049 2 3 4 .19 35 9.4 8.5 43 0 -1 1 1 -1
789099 4 7 3 1 0 1 1 0 3
789099 1 168 264 2 12 615 15.06.2019 1 7263250 487750 125 977 3 1 3 1 0 1 0 0 0 0 0 0 0 0 0 0 0 -1 -1
789099 2 1 1 9.07 1016 12.5 9.01 59 0 -1 1 1 -1
789099 2 2 2 1.04 167 11.5 8 60 0 -1 1 1 -1
789099 2 3 4 .17 29 9.16 7.34 46 0 -1 1 1 -1
789257 4 7 5 1 0 1 1 0 3
789257 1 169 3.5 2 12 615 15.06.2019 1 7263350 482350 111 986 3 1 5 0 0 1 0 0 0 0 0 0 0 0 0 0 0 -1 -1
789257 2 1 1 .6 93 10.26 6.94 82 0 -1 1 1 -1
789257 2 2 4 .01 2 8.01 6.03 30 0 -1 1 1 -1
789260 4 7 5 1 0 1 1 0 3
789260 1 170 3.5 2 12 615 15.06.2019 1 7263350 482650 111 986 3 1 5 0 0 1 0 0 0 0 0 0 0 0 0 0 0 -1 -1
789260 2 1 1 .05 7 11.1 7.22 97 0 -1 1 1 -1
789578 4 7 7 1 0 6 1 0 3
789578 1 171 252 2 12 615 15.06.2019 1 7263450 497650 144 961 3 1 7 0 0 6 0 0 0 0 0 0 0 0 0 0 0 -1 -1
789578 2 1 1 17.25 789 20.86 15.57 93 0 -1 1 1 -1
789578 2 2 2 4.97 332 17.15 12.5 147 0 -1 1 1 -1
789578 2 3 4 .51 40 17.67 14.24 119 0 -1 1 1 -1
789675 4 7 5 1 0 1 1 0 3
789675 1 172 3.5 2 12 615 15.06.2019 1 7263550 482350 111 986 3 1 5 0 0 1 0 0 0 0 0 0 0 0 0 0 0 -1 -1
789675 2 1 1 .05 7 11.1 7.22 97 0 -1 1 1 -1
789789 4 7 7 1 0 6 1 0 3
789789 1 173 252 2 12 615 15.06.2019 1 7263550 497650 144 961 3 1 7 0 0 6 0 0 0 0 0 0 0 0 0 0 0 -1 -1
789789 2 1 1 1.32 103 16.64 11.83 80 0 -1 1 1 -1
789789 2 2 2 .4 12 35.73 20.6 224 0 -1 1 1 -1
789789 2 3 4 .03 4 11.56 10.25 34 0 -1 1 1 -1
789880 4 7 5 1 0 1 1 0 3
789880 1 174 3.5 2 12 615 21.08.2013 1 7263650 482150 110 986 3 1 5 0 0 1 0 0 0 0 0 0 0 0 0 0 0 -1 -1
789880 2 1 1 .5 131 4.1 3.7 40 0 -1 1 1 -1
789880 2 2 2 0 10 3.9 3.5 40 0 -1 1 1 -1
789880 2 3 4 0 45 0 1.2 40 0 -1 1 1 -1
790135 4 7 4 1 0 1 1 0 3
790135 1 175 269.5 2 12 615 15.06.2019 1 7263750 487550 125 977 3 1 4 1 0 1 0 0 0 0 0 0 0 2005 3 0 0 -1 -1
790135 2 1 1 10.66 848 15.27 11.15 64 0 -1 1 1 -1
790135 2 2 2 .75 110 11.51 8.42 46 0 -1 1 1 -1
790135 2 3 4 .15 31 8.83 7.82 34 0 -1 1 1 -1
790460 4 7 4 1 0 1 1 0 3
790460 1 176 2.1 2 12 615 15.06.2019 1 7263850 503350 134 961 3 1 4 0 0 1 0 0 0 0 0 0 0 0 0 0 0 -1 -1
790460 2 1 1 7.41 773 13.6 9.57 73 0 -1 1 1 -1
790460 2 2 2 .31 70 9.03 6.62 55 0 -1 1 1 -1
790460 2 3 4 .29 67 11.05 8.39 59 0 -1 1 1 -1
790463 4 7 4 1 0 1 1 0 3
790463 1 177 304 2 12 615 15.06.2019 1 7263850 503650 134 961 3 1 4 0 0 1 0 0 0 0 0 0 0 0 0 0 0 -1 -1
790463 2 1 1 6.12 640 13.92 9.75 66 0 -1 1 1 -1
790463 2 2 2 2.87 257 14.79 10.78 68 0 -1 1 1 -1
790463 2 3 4 1.26 138 12.65 10.28 59 0 -1 1 1 -1
791704 4 7 5 1 0 1 1 0 3
791704 1 178 50.6 2 12 615 15.06.2019 1 7264650 491250 120 976 3 1 5 0 0 1 0 0 0 0 0 0 0 0 0 0 0 -1 -1
791704 2 1 1 6.19 792 11.56 8.37 57 0 -1 1 1 -1
791704 2 2 2 .64 94 11.74 7.76 44 0 -1 1 1 -1
791704 2 3 4 .44 60 11.44 9.22 70 0 -1 1 1 -1
792592 4 7 4 1 0 1 1 0 3
792592 1 179 227.2 2 12 615 15.06.2019 1 7265550 485950 131 973 3 1 4 0 0 1 0 0 0 0 0 0 0 0 0 0 0 -1 -1
792592 2 1 1 10.33 687 17.22 11.98 63 0 -1 1 1 -1
792592 2 2 2 3.68 286 17.51 11.6 102 0 -1 1 1 -1
792592 2 3 4 .61 68 11.95 9.82 70 0 -1 1 1 -1
793352 4 7 4 1 0 1 1 0 3
793352 1 180 130.11 2 12 615 15.06.2019 1 7266350 484550 132 974 3 1 4 0 0 1 0 0 0 0 0 0 0 0 0 0 0 -1 -1
793352 2 1 1 2.54 365 10.98 7.66 66 0 -1 1 1 -1
793352 2 2 2 .1 16 10.87 7.71 44 0 -1 1 1 -1
793352 2 3 4 .1 12 12.05 9.16 31 0 -1 1 1 -1
793679 4 7 4 1 0 1 1 0 3
793679 1 181 130.12 2 12 615 15.06.2019 1 7266650 484150 134 974 3 1 4 0 0 1 0 0 0 0 0 2008 0 0 0 0 0 -1 -1
793679 2 1 1 6.94 872 12.02 8.56 59 0 -1 1 1 -1
793679 2 2 2 .47 82 9.92 6.98 55 0 -1 1 1 -1
793679 2 3 4 .06 10 8.61 7.74 33 0 -1 1 1 -1
794212 4 7 4 1 0 1 1 0 3
794212 1 182 127.2 2 12 615 15.06.2019 1 7267050 483850 127 978 3 1 4 0 0 1 0 0 0 0 0 0 0 0 0 0 0 -1 -1
794212 2 1 1 7.38 1043 11.35 7.83 55 0 -1 1 1 -1
794212 2 2 2 .23 33 10.93 7.83 44 0 -1 1 1 -1
794212 2 3 4 .05 11 7.55 6.13 26 0 -1 1 1 -1
794736 4 7 4 1 0 1 1 0 3
794736 1 183 120 2 12 615 15.06.2019 1 7267350 485050 135 971 3 1 4 0 0 1 0 0 0 0 0 0 0 0 0 0 0 -1 -1
794736 2 1 1 .15 21 10.16 6.58 62 0 -1 1 1 -1
794736 2 2 2 .01 1 8.1 4.04 20 0 -1 1 1 -1
795178 4 7 4 1 0 1 1 0 3
795178 1 184 4.9 2 12 615 15.06.2019 1 7267550 489450 134 968 3 1 4 0 0 1 0 0 0 0 0 0 0 0 0 0 0 -1 -1
795178 2 1 1 8.63 824 13.91 10.02 66 0 -1 1 1 -1
795178 2 2 2 3.06 303 14.91 10.64 81 0 -1 1 1 -1
795178 2 3 4 .33 74 9.03 7.8 34 0 -1 1 1 -1
795962 4 7 4 1 0 1 1 0 3
795962 1 185 0 2 12 615 15.06.2019 1 7267950 470250 101 994 3 1 4 0 0 1 0 0 0 0 0 0 0 0 0 0 0 -1 -1
795962 2 1 1 .03 3 11.01 7.21 95 0 -1 1 1 -1
796078 4 7 7 1 0 6 1 0 3
796078 1 186 396 2 12 615 15.06.2019 1 7267950 489950 138 965 3 1 7 0 0 6 0 0 0 0 0 0 0 0 0 0 0 -1 -1
796078 2 1 1 .61 37 19.79 14.34 95 0 -1 1 1 -1
796078 2 2 2 .02 3 11.29 8.62 40 0 -1 1 1 -1
796482 4 7 4 1 0 6 1 0 3
796482 1 187 2.8 2 12 615 15.06.2019 1 7268150 484150 130 974 3 1 4 0 0 6 0 0 0 0 0 0 0 0 0 0 0 -1 -1
796482 2 1 1 .13 22 9.7 6.58 83 0 -1 1 1 -1
797068 4 7 4 1 0 1 1 0 3
797068 1 188 220 2 12 615 15.06.2019 1 7268450 464250 94 1000 3 1 4 0 0 1 0 0 0 0 0 0 0 0 0 0 0 -1 -1
797068 2 1 4 .18 28 10.74 8.97 42 0 -1 1 1 -1
797068 2 2 1 13.42 1038 15.07 11.62 58 0 -1 1 1 -1
797068 2 3 2 .69 86 12.86 9.51 43 0 -1 1 1 -1
797176 4 7 4 1 0 1 1 0 3
797176 1 189 85 2 12 615 15.06.2019 1 7268450 483950 131 974 3 1 4 0 0 1 0 2016 0 0 0 0 0 2015 3 0 0 -1 -1
797176 2 1 1 6.68 830 12.22 8.76 54 0 -1 1 1 -1
797176 2 2 2 1.62 190 12.93 8.52 48 0 -1 1 1 -1
797176 2 3 4 .88 90 13.13 10.15 41 0 -1 1 1 -1
797307 4 7 5 1 0 1 1 0 3
797307 1 190 215 2 12 615 15.06.2019 1 7268550 463750 93 1001 3 1 5 0 0 1 0 0 0 0 0 0 0 0 0 0 0 -1 -1
797307 2 1 1 10.27 871 14.48 10.6 74 0 -1 1 1 -1
797307 2 2 2 .81 109 12.16 8.92 88 0 -1 1 1 -1
797307 2 3 4 .22 32 11.77 8.49 53 0 -1 1 1 -1
797313 4 7 4 1 0 1 1 0 3
797313 1 191 220 2 12 615 15.06.2019 1 7268550 464350 94 1000 3 1 4 0 0 1 0 0 0 0 0 0 0 0 0 0 0 -1 -1
797313 2 1 1 12.09 892 15.8 11.29 53 0 -1 1 1 -1
797313 2 2 2 4.19 424 15.1 9.53 41 0 -1 1 1 -1
797313 2 3 4 1.54 200 12.09 10.46 56 0 -1 1 1 -1
797811 4 7 4 1 0 1 1 0 3
797811 1 192 218 2 12 615 13.06.2019 1 7268750 464050 94 1000 3 1 4 0 0 1 0 0 0 0 0 0 0 0 0 0 0 -1 -1
797811 2 1 1 14.3 845 17.42 13.12 65 0 -1 1 1 -1
797811 2 2 2 .85 105 13.88 10.28 88 0 -1 1 1 -1
797811 2 3 4 .38 53 10.94 9.4 47 0 -1 1 1 -1
798059 4 7 4 1 0 1 1 0 3
798059 1 193 218 2 12 615 13.06.2019 1 7268850 463850 95 1000 3 1 4 0 0 1 0 0 0 0 0 0 0 0 0 0 0 -1 -1
798059 2 1 1 14.85 1050 15.95 12.11 55 0 -1 1 1 -1
798059 2 2 2 .36 56 11.37 8.63 54 0 -1 1 1 -1
798059 2 3 4 .12 20 11.49 10.06 34 0 -1 1 1 -1
798175 4 7 4 1 0 1 1 0 3
798175 1 194 28.8 2 12 615 13.06.2019 1 7268850 483850 126 976 3 1 4 1 0 1 0 0 0 0 0 2003 0 2015 3 0 0 -1 -1
798175 2 1 4 .2 107 11.05 8.31 39 0 -1 1 1 -1
798175 2 2 1 4.15 632 11.19 8 48 0 -1 1 1 -1
798175 2 3 2 .37 74 9.53 6.71 48 0 -1 1 1 -1
798901 4 7 4 1 0 1 1 0 3
798901 1 195 7 2 12 615 13.06.2019 1 7269150 467950 104 993 3 1 4 2 0 1 0 0 0 0 0 0 0 0 0 0 0 -1 -1
798901 2 1 1 4.38 584 11.2 7.71 73 0 -1 1 1 -1
798901 2 2 2 .04 9 8.04 5.9 53 0 -1 1 1 -1
798901 2 3 4 .03 5 7.9 5.93 29 0 -1 1 1 -1
799292 4 7 4 1 0 1 1 0 3
799292 1 196 101 2 12 615 13.06.2019 1 7269250 485750 134 969 3 1 4 2 0 1 0 0 0 0 0 0 0 0 0 0 0 -1 -1
799292 2 1 1 1.27 232 5.52 4.8 15 0 -1 1 1 -1
799292 2 2 2 .09 17 3 1.5 10 0 -1 1 1 -1
799292 2 3 4 .02 3 1.5 2.5 10 0 -1 1 1 -1
799812 4 7 4 1 0 1 1 0 3
799812 1 197 416.5 2 12 615 13.06.2019 1 7269450 473850 104 990 3 1 4 0 0 1 0 0 0 0 0 0 0 2012 3 0 0 -1 -1
799812 2 1 1 2.08 308 10.48 7.18 70 0 -1 1 1 -1
799812 2 2 2 .15 35 7.99 5.47 32 0 -1 1 1 -1
799812 2 3 4 .04 8 8.57 6.29 35 0 -1 1 1 -1
800031 4 7 4 1 0 1 1 0 3
800031 1 198 15 2 12 564 13.06.2019 1 7269550 459750 89 1003 3 1 4 0 0 1 0 0 0 0 0 2009 0 0 0 0 0 -1 -1
800031 2 1 1 4.24 661 10.4 7.44 40 0 -1 1 1 -1
800031 2 2 2 .44 82 9.74 6.95 31 0 -1 1 1 -1
800031 2 3 4 .15 21 11.56 8.81 31 0 -1 1 1 -1
800146 4 7 4 1 0 1 1 0 3
800146 1 199 101 2 12 615 13.06.2019 1 7269550 485650 134 969 3 1 4 2 0 1 0 0 0 0 0 0 0 0 0 0 0 -1 -1
800146 2 1 1 2.26 385 5.21 4.5 15 0 -1 1 1 -1
800146 2 2 2 .11 16 3 1.5 10 0 -1 1 1 -1
800146 2 3 4 .05 5 1.5 2.5 10 0 -1 1 1 -1
800415 4 7 4 1 0 1 1 0 3
800415 1 200 101 2 12 615 21.08.2013 1 7269650 485650 134 969 3 1 4 2 0 1 0 0 0 0 0 0 0 0 0 0 0 -1 -1
800415 2 1 1 .2 68 3.2 3.3 33 0 -1 1 1 -1
800415 2 2 2 0 1 2.8 3.4 33 0 -1 1 1 -1
800824 4 7 4 1 0 6 1 0 3
800824 1 201 2.1 2 12 564 13.06.2019 1 7269850 459650 91 1002 3 1 4 0 0 6 0 0 0 0 0 0 0 0 0 0 0 -1 -1
800824 2 1 1 2.98 393 12.5 8.76 48 0 -1 1 1 -1
800824 2 2 2 1.74 257 12.05 8.42 58 0 -1 1 1 -1
800824 2 3 4 .27 38 11.29 9.11 48 0 -1 1 1 -1
800904 4 7 4 1 0 1 1 0 3
800904 1 202 75 2 12 615 13.06.2019 1 7269850 485350 131 970 3 1 4 4 0 1 0 0 0 0 0 0 0 0 0 0 0 -1 -1
800904 2 1 1 .43 55 5.5 4.5 15 0 -1 1 1 -1
800904 2 2 2 .02 4 2.5 2 10 0 -1 1 1 -1
800904 2 3 4 .01 4 1.5 3 10 0 -1 1 1 -1
801183 4 7 4 1 0 1 1 0 3
801183 1 203 452 2 12 615 13.06.2019 1 7269950 492750 124 968 3 1 4 0 0 1 0 2010 0 0 0 0 0 2000 3 0 0 -1 -1
801183 2 1 1 5.55 623 12.99 8.71 79 0 -1 1 1 -1
801183 2 2 2 .27 47 10.31 7.32 55 0 -1 1 1 -1
801183 2 3 4 .17 21 13.06 8.02 42 0 -1 1 1 -1
801652 4 7 4 1 0 1 1 0 3
801652 1 204 5.1 2 12 564 13.06.2019 1 7270250 459550 94 1000 3 1 4 0 0 1 0 0 0 0 0 0 0 0 0 0 0 -1 -1
801652 2 1 1 1.08 48 22.39 14.12 142 0 -1 1 1 -1
801652 2 2 2 .59 32 20.87 13.56 188 0 -1 1 1 -1
801652 2 3 4 .23 28 12.53 10.1 123 0 -1 1 1 -1
802025 4 7 5 1 0 1 1 0 3
802025 1 205 104.1 2 12 564 13.06.2019 1 7270450 458650 98 999 3 1 5 0 0 1 0 0 0 0 0 0 0 2013 3 0 0 -1 -1
802025 2 1 1 6.88 645 14.39 10.1 79 0 -1 1 1 -1
802025 2 2 2 .14 32 8.51 6 64 0 -1 1 1 -1
802025 2 3 4 .1 14 9.74 6.57 61 0 -1 1 1 -1
802042 4 7 5 1 0 1 1 0 3
802042 1 206 200 2 12 615 13.06.2019 1 7270450 463850 98 996 3 1 5 0 0 1 0 0 0 0 0 0 0 0 0 0 0 -1 -1
802042 2 1 1 9.76 732 15.86 11.71 61 0 -1 1 1 -1
802042 2 2 2 1.58 175 14.7 10.59 83 0 -1 1 1 -1
802042 2 3 4 .43 53 13.33 10.62 64 0 -1 1 1 -1
802170 4 7 7 1 0 1 1 0 3
802170 1 207 93.1 2 12 615 21.08.2013 1 7270450 502450 144 952 3 1 7 0 0 1 0 0 0 0 0 0 0 0 0 0 0 -1 -1
802170 2 1 1 .2 23 12 6.6 37 0 -1 1 1 -1
802382 4 7 4 1 0 1 1 0 3
802382 1 208 90 2 12 615 13.06.2019 1 7270550 502150 142 954 3 1 4 0 0 1 0 0 0 0 0 0 0 2017 1 0 0 -1 -1
802382 2 1 1 8.52 806 14.29 10.26 74 0 -1 1 1 -1
802382 2 2 2 1.02 135 12.71 9.2 62 0 -1 1 1 -1
802382 2 3 4 .61 67 12.97 9.84 57 0 -1 1 1 -1
802492 4 7 4 1 0 1 1 0 3
802492 1 209 88 2 12 615 13.06.2019 1 7270650 467650 114 987 3 1 4 0 0 1 0 0 0 0 0 0 0 0 0 0 0 -1 -1
802492 2 1 1 .04 5 10.53 7.26 56 0 -1 1 1 -1
802598 4 7 4 1 0 1 1 0 3
802598 1 210 23.9 2 12 615 13.06.2019 1 7270650 501950 142 954 3 1 4 0 0 1 0 0 0 0 0 0 0 0 0 0 0 -1 -1
802598 2 1 1 7.35 839 12.68 9.14 66 0 -1 1 1 -1
802598 2 2 2 .89 135 11.5 7.58 77 0 -1 1 1 -1
802598 2 3 4 .6 112 11.25 8.72 53 0 -1 1 1 -1
802719 4 7 4 1 0 6 1 0 3
802719 1 211 399 2 12 615 21.08.2013 1 7270750 471950 106 988 3 1 4 0 0 6 0 0 0 0 0 0 0 0 0 0 0 -1 -1
802719 2 1 1 .1 15 4.3 3.8 159 0 -1 1 1 -1
802719 2 2 2 0 1 3.5 3 159 0 -1 1 1 -1
802719 2 3 4 0 17 0 1.2 159 0 -1 1 1 -1
803452 4 7 4 1 0 6 1 0 3
803452 1 212 62.2 2 12 615 13.06.2019 1 7271050 486750 136 969 3 1 4 0 0 6 0 0 0 0 0 0 0 0 0 0 0 -1 -1
803452 2 1 1 .76 102 11.48 7.86 86 0 -1 1 1 -1
803452 2 2 2 .06 11 9.75 7.62 45 0 -1 1 1 -1
803452 2 3 4 .04 9 9.45 7.61 40 0 -1 1 1 -1
803557 4 7 4 1 0 1 1 0 3
803557 1 213 180.1 2 12 615 13.06.2019 1 7271150 463550 98 996 3 1 4 1 0 1 0 0 0 0 0 0 0 0 0 0 0 -1 -1
803557 2 1 1 4.56 722 10.71 7.48 56 0 -1 1 1 -1
803557 2 2 2 .2 43 9.66 6.79 31 0 -1 1 1 -1
803557 2 3 4 .2 142 11.04 8.74 47 0 -1 1 1 -1
803600 4 7 4 1 1 1 1 0 3
803600 1 214 400 2 12 615 13.06.2019 1 7271150 471750 107 988 3 1 4 1 1 1 0 0 0 0 0 0 0 0 0 0 0 -1 -1
803600 2 1 1 .04 5 12.13 7.65 98 0 -1 1 1 -1
803601 4 7 4 1 0 6 1 0 3
803601 1 215 399 2 12 615 13.06.2019 1 7271150 471850 107 988 3 1 4 0 0 6 0 0 0 0 0 0 0 0 0 0 0 -1 -1
803601 2 1 1 .04 5 12.13 7.65 98 0 -1 1 1 -1
803708 4 7 4 1 0 1 1 0 3
803708 1 216 102.21 2 12 615 13.06.2019 1 7271150 503150 152 949 3 1 4 0 0 1 0 0 0 0 0 0 0 0 0 0 0 -1 -1
803708 2 1 1 9.6 909 13.45 10.1 68 0 -1 1 1 -1
803708 2 2 2 .39 70 9.84 6.85 59 0 -1 1 1 -1
803708 2 3 4 .21 26 13.73 7.67 45 0 -1 1 1 -1
803812 4 7 4 1 0 1 1 0 3
803812 1 217 82 2 12 615 13.06.2019 1 7271250 467650 113 986 3 1 4 2 0 1 0 0 0 0 0 0 0 0 0 0 0 -1 -1
803812 2 1 1 .6 77 11.88 8.23 66 0 -1 1 1 -1
803812 2 2 2 .04 8 9.42 7.09 55 0 -1 1 1 -1
803812 2 3 4 .02 3 9.61 7.36 42 0 -1 1 1 -1
804092 4 7 4 1 0 1 1 0 3
804092 1 218 534.14 2 12 615 13.06.2019 1 7271350 477550 110 984 3 1 4 0 0 1 0 2017 0 0 0 0 0 2017 1 0 0 -1 -1
804092 2 1 1 6.08 498 16.31 11.59 62 0 -1 1 1 -1
804092 2 2 2 1.11 180 11.11 8.15 60 0 -1 1 1 -1
804092 2 3 4 2.76 277 13.88 11.24 81 0 -1 1 1 -1
804275 4 7 3 1 0 1 1 0 3
804275 1 219 413 2 12 615 13.06.2019 1 7271450 473050 102 991 3 1 3 2 0 1 0 0 0 0 0 0 0 0 0 0 0 -1 -1
804275 2 1 1 8.14 732 14.3 10.48 67 0 -1 1 1 -1
804275 2 2 2 .92 99 14.46 10.04 100 0 -1 1 1 -1
804275 2 3 4 .11 20 9.33 7.88 47 0 -1 1 1 -1
804489 4 7 3 1 0 1 1 0 3
804489 1 220 389 2 12 615 13.06.2019 1 7271550 471550 107 988 3 1 3 3 0 1 0 0 0 0 0 2009 0 0 0 0 0 -1 -1
804489 2 1 1 6.25 930 10.69 7.56 52 0 -1 1 1 -1
804489 2 2 2 .48 102 9.14 6.33 43 0 -1 1 1 -1
804489 2 3 4 .19 25 11.45 8.68 36 0 -1 1 1 -1
804874 4 7 4 1 0 1 1 0 3
804874 1 221 253.4 2 12 139 13.06.2019 1 7271750 454050 110 993 3 1 4 0 0 1 0 0 0 0 0 0 0 0 0 0 0 -1 -1
804874 2 1 1 4.96 801 10.44 7.36 61 0 -1 1 1 -1
804874 2 2 2 .42 88 9.13 6.48 32 0 -1 1 1 -1
804874 2 3 4 .09 32 10.11 7.9 28 0 -1 1 1 -1
805386 4 7 5 1 0 3 1 0 3
805386 1 222 157 2 12 615 13.06.2019 1 7271950 466750 109 989 3 1 5 0 0 3 0 0 0 0 0 0 0 0 0 0 0 -1 -1
805386 2 1 1 6.18 773 12.18 8.59 52 0 -1 1 1 -1
805386 2 2 2 .8 138 10.94 7.18 62 0 -1 1 1 -1
805386 2 3 4 .48 60 11.57 9.09 62 0 -1 1 1 -1
806242 4 7 5 1 0 3 1 0 3
806242 1 223 148.2 2 12 615 13.06.2019 1 7272350 466050 107 990 3 1 5 0 0 3 0 0 0 0 0 0 0 0 0 0 0 -1 -1
806242 2 1 1 3.61 584 9.86 6.88 45 0 -1 1 1 -1
806242 2 2 2 .14 31 8.21 5.01 20 0 -1 1 1 -1
806242 2 3 4 .06 13 8.01 6.03 30 0 -1 1 1 -1
806275 4 7 3 1 1 1 1 0 3
806275 1 224 380 2 12 615 13.06.2019 1 7272350 471050 107 987 3 1 3 2 1 1 0 0 0 0 0 0 0 0 0 0 0 -1 -1
806275 2 1 1 1.25 166 12.24 8.9 63 0 -1 1 1 -1
806275 2 2 2 .17 35 9.35 6.82 53 0 -1 1 1 -1
806275 2 3 4 .28 32 13.3 10.35 56 0 -1 1 1 -1
806592 4 7 4 1 0 1 1 0 3
806592 1 225 5.4 2 12 615 13.06.2019 1 7272450 502950 145 953 3 1 4 0 0 1 0 0 0 0 0 0 0 2016 1 0 0 -1 -1
806592 2 1 1 13.01 850 16.61 12.51 65 0 -1 1 1 -1
806592 2 2 2 .2 37 9.96 7.77 41 0 -1 1 1 -1
806592 2 3 4 .14 28 8.38 8.07 31 0 -1 1 1 -1
806691 4 7 3 1 0 1 1 0 3
806691 1 226 137 2 12 615 13.06.2019 1 7272550 468150 116 986 3 1 3 3 0 1 0 0 0 0 0 0 0 0 0 0 0 -1 -1
806691 2 1 4 0 1 1.5 3 10 0 -1 1 1 -1
806931 4 7 4 1 0 1 1 0 3
806931 1 227 143.1 2 12 615 13.06.2019 1 7272650 472650 105 989 3 1 4 0 0 1 0 0 0 0 0 0 0 0 0 0 0 -1 -1
806931 2 1 1 .03 3 11.72 8.43 79 0 -1 1 1 -1
807064 4 7 4 1 0 1 1 0 3
807064 1 228 0 2 12 139 21.08.2013 1 7272750 457950 98 998 3 1 4 0 0 1 0 0 0 0 0 0 0 0 0 0 0 -1 -1
807064 2 1 1 .1 15 4.5 3.8 67 0 -1 1 1 -1
807064 2 2 4 0 25 0 1.2 67 0 -1 1 1 -1
807064 2 3 2 0 1 2.9 2.4 67 0 -1 1 1 -1
807159 4 7 4 1 0 1 1 0 3
807159 1 229 140.2 2 12 615 13.06.2019 1 7272750 472950 105 990 3 1 4 2 0 1 0 0 0 0 0 0 0 0 0 0 0 -1 -1
807159 2 1 1 .21 26 12.39 7.67 106 0 -1 1 1 -1
807276 4 7 3 1 0 1 1 0 3
807276 1 230 0 2 12 139 13.06.2019 1 7272850 453750 110 993 3 1 3 0 0 1 0 0 0 0 0 0 0 0 0 0 0 -1 -1
807276 2 1 1 .01 2 9.44 6.64 20 0 -1 1 1 -1
807276 2 2 2 .02 4 8.57 6.18 21 0 -1 1 1 -1
807387 4 7 4 1 0 1 1 0 3
807387 1 231 140.2 2 12 615 13.06.2019 1 7272850 472950 108 988 3 1 4 2 0 1 0 0 0 0 0 0 0 0 0 0 0 -1 -1
807387 2 1 1 2.71 348 11.94 7.67 97 0 -1 1 1 -1
807387 2 2 2 .03 10 5.84 4.21 50 0 -1 1 1 -1
807387 2 3 4 .05 8 9.02 6.5 39 0 -1 1 1 -1
807827 4 7 4 1 1 3 1 0 3
807827 1 232 129 2 12 615 13.06.2019 1 7273050 466850 106 989 3 1 4 2 1 3 0 0 0 0 0 0 0 0 0 0 0 -1 -1
807827 2 1 1 .99 250 5.61 4.92 15 0 -1 1 1 -1
807827 2 2 2 .08 27 5.07 4.3 13 0 -1 1 1 -1
807827 2 3 4 .04 79 1.5 2.99 10 0 -1 1 1 -1
808325 4 7 4 1 0 1 1 0 3
808325 1 233 140.1 2 12 615 13.06.2019 1 7273250 472850 108 987 3 1 4 0 0 1 0 2019 0 0 0 0 0 2016 1 0 0 -1 -1
808325 2 1 1 6.81 879 11.59 8.24 66 0 -1 1 1 -1
808325 2 2 2 .23 38 10.21 7.5 44 0 -1 1 1 -1
808325 2 3 4 .18 26 10.64 8.06 42 0 -1 1 1 -1
808360 4 7 4 1 0 1 1 0 3
808360 1 234 481.1 2 12 615 13.06.2019 1 7273250 476850 118 981 3 1 4 0 0 1 0 0 0 0 0 0 0 0 0 0 0 -1 -1
808360 2 1 1 7.6 818 12.96 9.34 71 0 -1 1 1 -1
808360 2 2 2 .42 73 10.55 8 52 0 -1 1 1 -1
808360 2 3 4 .18 29 10.64 8.22 43 0 -1 1 1 -1
808436 4 7 5 1 0 1 1 0 3
808436 1 235 68 2 12 615 13.06.2019 1 7273250 503550 140 952 3 1 5 0 0 1 0 0 0 0 0 0 0 0 0 0 0 -1 -1
808436 2 1 1 .83 105 12 7.93 89 0 -1 1 1 -1
808436 2 2 2 .02 4 9.43 6.79 76 0 -1 1 1 -1
808436 2 3 4 .01 2 8.33 7.17 51 0 -1 1 1 -1
808910 4 7 7 1 0 1 1 0 3
808910 1 236 25 2 12 139 13.06.2019 1 7273550 460850 97 995 3 1 7 0 0 1 0 0 0 0 0 0 0 0 0 0 0 -1 -1
808910 2 1 1 3.58 538 10.97 7.64 58 0 -1 1 1 -1
808910 2 2 2 .03 8 6.64 4.62 40 0 -1 1 1 -1
808911 4 7 7 1 0 1 1 0 3
808911 1 237 25 2 12 139 13.06.2019 1 7273550 460950 100 994 3 1 7 0 0 1 0 0 0 0 0 0 0 0 0 0 0 -1 -1
808911 2 1 1 7.97 1176 11.58 8.15 52 0 -1 1 1 -1
808911 2 2 2 .2 67 8.31 6.3 54 0 -1 1 1 -1
808911 2 3 4 .03 6 7.92 6.72 29 0 -1 1 1 -1
809129 4 7 7 1 0 1 1 0 3
809129 1 238 25 2 12 139 13.06.2019 1 7273650 460950 100 994 3 1 7 0 0 1 0 0 0 0 0 0 0 0 0 0 0 -1 -1
809129 2 1 1 7.88 1030 11.67 8.22 48 0 -1 1 1 -1
809129 2 2 2 .13 32 7.9 5.91 46 0 -1 1 1 -1
809129 2 3 4 .02 3 7.95 6.82 25 0 -1 1 1 -1
809519 4 7 4 1 0 1 1 0 3
809519 1 239 261.1 2 12 615 13.06.2019 1 7273750 489650 127 968 3 1 4 0 0 1 0 2008 0 0 0 0 0 2004 3 0 0 -1 -1
809519 2 1 1 5.25 728 11.18 7.89 75 0 -1 1 1 -1
809519 2 2 2 .29 44 11.26 7.61 51 0 -1 1 1 -1
809519 2 3 4 .09 13 10.41 8.45 28 0 -1 1 1 -1
809637 4 7 5 1 0 1 1 0 3
809637 1 240 358 2 12 615 13.06.2019 1 7273850 471250 107 985 3 1 5 2 0 1 0 0 0 0 0 0 0 0 0 0 0 -1 -1
809637 2 1 1 3.04 419 11.37 7.91 84 0 -1 1 1 -1
809637 2 2 2 .1 23 8.42 5.88 53 0 -1 1 1 -1
809637 2 3 4 .11 14 11.7 9.07 38 0 -1 1 1 -1
809862 4 7 5 1 0 1 1 0 3
809862 1 241 358 2 12 615 13.06.2019 1 7273950 471250 107 985 3 1 5 2 0 1 0 0 0 0 0 0 0 0 0 0 0 -1 -1
809862 2 1 1 3.04 419 11.37 7.91 84 0 -1 1 1 -1
809862 2 2 2 .1 23 8.42 5.88 53 0 -1 1 1 -1
809862 2 3 4 .11 14 11.7 9.07 38 0 -1 1 1 -1
809957 4 7 4 1 1 1 1 0 3
809957 1 242 91 2 12 615 13.06.2019 1 7273950 483550 120 974 3 1 4 2 1 1 0 0 0 0 0 0 0 0 0 0 0 -1 -1
809957 2 1 1 7.75 565 15.69 11.46 60 0 -1 1 1 -1
809957 2 2 2 2.88 317 13.27 9.9 63 0 -1 1 1 -1
809957 2 3 4 1.51 185 12.17 10.93 53 0 -1 1 1 -1
810471 4 7 3 1 0 1 1 0 3
810471 1 243 413.1 2 12 615 13.06.2019 1 7274150 494450 133 962 3 1 3 2 0 1 0 0 0 0 0 2013 0 0 0 0 0 -1 -1
810471 2 1 1 3.62 583 10.21 7.06 55 0 -1 1 1 -1
810471 2 2 2 .54 114 8.71 6.16 25 0 -1 1 1 -1
810471 2 3 4 .06 40 8.77 6.99 25 0 -1 1 1 -1
810645 4 7 4 1 0 1 1 0 3
810645 1 244 12 2 12 615 13.06.2019 1 7274250 483850 121 973 3 1 4 2 0 1 0 0 0 0 0 0 0 0 0 0 0 -1 -1
810645 2 1 1 5.15 748 11.6 8.01 53 0 -1 1 1 -1
810645 2 2 2 1.58 302 10.09 7.08 32 0 -1 1 1 -1
810645 2 3 4 .39 228 10.52 8.08 28 0 -1 1 1 -1
810938 4 7 4 1 0 1 1 0 3
810938 1 245 415.5 2 12 615 13.06.2019 1 7274350 494750 136 960 3 1 4 0 0 1 0 0 0 0 0 2013 0 0 0 0 0 -1 -1
810938 2 1 1 5.64 897 10.49 7.47 45 0 -1 1 1 -1
810938 2 2 2 1.57 260 10.13 7.11 30 0 -1 1 1 -1
810938 2 3 4 .27 97 9.03 7.7 28 0 -1 1 1 -1
811037 4 7 4 1 0 2 1 0 3
811037 1 246 135.1 2 12 615 13.06.2019 1 7274450 473550 113 984 3 1 4 0 0 2 0 0 0 0 0 0 0 2013 3 0 0 -1 -1
811037 2 1 1 12.15 1113 14.01 10.33 64 0 -1 1 1 -1
811037 2 2 2 1.25 154 12.74 9.23 70 0 -1 1 1 -1
811037 2 3 4 .86 110 13.16 9.01 68 0 -1 1 1 -1
811519 4 7 4 1 0 1 1 0 3
811519 1 247 301.4 2 12 615 13.06.2019 1 7274650 479950 116 977 3 1 4 0 0 1 0 0 0 0 0 0 0 0 0 0 0 -1 -1
811519 2 1 1 4.69 568 12.46 8.67 77 0 -1 1 1 -1
811519 2 2 2 .35 51 11.06 7.4 96 0 -1 1 1 -1
811519 2 3 4 .14 22 10.4 8.43 63 0 -1 1 1 -1
811968 4 7 7 1 0 1 1 0 3
811968 1 248 244.2 2 12 615 13.06.2019 1 7274850 489350 133 963 3 1 7 0 0 1 0 0 0 0 0 0 0 0 0 0 0 -1 -1
811968 2 1 1 1.35 264 6 5.28 15 0 -1 1 1 -1
811968 2 2 2 .22 71 6.13 5.25 15 0 -1 1 1 -1
811968 2 3 4 .02 5 6.8 6 15 0 -1 1 1 -1
812813 4 7 4 1 0 1 1 0 3
812813 1 249 47 2 12 615 13.06.2019 1 7275350 479550 119 975 3 1 4 0 0 1 0 0 0 0 0 0 0 0 0 0 0 -1 -1
812813 2 1 1 .03 3 12.68 8.31 100 0 -1 1 1 -1
812965 4 7 4 1 0 1 1 0 3
812965 1 250 46 2 12 615 21.08.2013 1 7275450 479150 120 975 3 1 4 0 0 1 0 0 0 0 0 2000 0 0 0 0 0 -1 -1
812965 2 1 1 0 6 4.8 4.3 27 0 -1 1 1 -1
812965 2 2 4 0 46 0 1.2 27 0 -1 1 1 -1
813297 4 7 4 1 0 1 1 0 3
813297 1 251 46 2 12 615 13.06.2019 1 7275650 479150 120 975 3 1 4 0 0 1 0 0 0 0 0 2000 0 0 0 0 0 -1 -1
813297 2 1 1 1.26 169 11.11 7.79 67 0 -1 1 1 -1
813297 2 2 2 .03 7 7.62 5.25 28 0 -1 1 1 -1
813297 2 3 4 .01 3 7.95 6.19 28 0 -1 1 1 -1
813821 4 7 4 1 0 1 1 0 3
813821 1 252 0 2 12 615 13.06.2019 1 7275950 471050 110 981 3 1 4 0 0 1 0 0 0 0 0 0 0 0 0 0 0 -1 -1
813821 2 1 1 .1 13 11.85 7.67 94 0 -1 1 1 -1
813821 2 2 2 .01 1 8.14 5.92 25 0 -1 1 1 -1
814025 4 7 4 1 0 1 1 0 3
814025 1 253 304 2 12 615 13.06.2019 1 7276050 487550 132 965 3 1 4 0 0 1 0 0 0 0 0 0 0 0 0 0 0 -1 -1
814025 2 1 1 4.09 654 10.13 7.36 68 0 -1 1 1 -1
814025 2 2 2 .48 96 9.59 6.81 38 0 -1 1 1 -1
814025 2 3 4 .13 50 10.92 8.74 40 0 -1 1 1 -1
814741 4 7 4 1 0 1 1 0 3
814741 1 254 268.2 2 12 615 21.08.2013 1 7276450 479050 121 973 3 1 4 1 0 1 0 0 0 0 0 0 0 0 0 0 0 -1 -1
814741 2 1 1 .1 17 4.5 4.1 61 0 -1 1 1 -1
814741 2 2 2 0 2 3.1 3.2 61 0 -1 1 1 -1
814741 2 3 4 0 15 0 1.2 61 0 -1 1 1 -1
815002 4 7 4 1 0 6 1 0 3
815002 1 255 381.12 2 12 615 13.06.2019 1 7276550 494550 142 954 3 1 4 0 0 6 0 0 0 0 0 0 0 0 0 0 0 -1 -1
815002 2 1 1 .42 37 14.37 10.56 68 0 -1 1 1 -1
815002 2 2 2 .02 2 10.92 8.13 57 0 -1 1 1 -1
815002 2 3 4 .02 1 13.49 9.4 52 0 -1 1 1 -1
815059 4 7 3 1 0 1 1 0 3
815059 1 256 99.1 2 12 615 13.06.2019 1 7276650 461150 109 986 3 1 3 1 0 1 0 0 0 0 0 0 0 0 0 0 0 -1 -1
815059 2 1 1 12.63 681 19.06 13.48 86 0 -1 1 1 -1
815059 2 2 2 1.05 149 13.55 9.54 98 0 -1 1 1 -1
815059 2 3 4 .42 55 13.08 10.55 74 0 -1 1 1 -1
815674 4 7 3 1 0 1 1 0 3
815674 1 257 318 2 12 615 13.06.2019 1 7276950 469150 116 979 3 1 3 3 0 1 0 0 0 0 0 0 0 2016 3 0 0 -1 -1
815674 2 1 1 .09 10 12.96 8.87 86 0 -1 1 1 -1
815902 4 7 4 1 0 1 1 0 3
815902 1 258 118.22 2 12 615 13.06.2019 1 7277050 472050 120 976 3 1 4 1 0 1 0 0 0 0 0 0 0 0 0 0 0 -1 -1
815902 2 1 1 10.76 920 14.71 11.02 56 0 -1 1 1 -1
815902 2 2 2 .57 70 11.92 8.77 47 0 -1 1 1 -1
815902 2 3 4 .38 56 10.59 9.32 30 0 -1 1 1 -1
816118 4 7 4 1 0 2 1 0 3
816118 1 259 109 2 12 615 13.06.2019 1 7277150 474450 118 977 3 1 4 0 0 2 0 0 0 0 0 0 0 0 0 0 0 -1 -1
816118 2 1 1 4.23 478 13.81 9.03 72 0 -1 1 1 -1
816118 2 2 2 .59 90 13.15 8.17 77 0 -1 1 1 -1
816118 2 3 4 .46 45 13.23 10.16 62 0 -1 1 1 -1
816132 4 7 4 1 0 1 1 0 3
816132 1 260 265 2 12 615 13.06.2019 1 7277150 478650 121 973 3 1 4 0 0 1 0 0 0 0 0 0 0 0 0 0 0 -1 -1
816132 2 1 1 6.3 1004 10.58 7.66 45 0 -1 1 1 -1
816132 2 2 2 .26 50 9.71 6.85 31 0 -1 1 1 -1
816132 2 3 4 .01 6 7.41 5.79 28 0 -1 1 1 -1
816276 4 7 4 1 0 1 1 0 3
816276 1 261 0 2 12 139 13.06.2019 1 7277250 460050 104 988 3 1 4 0 0 1 0 0 0 0 0 0 0 0 0 0 0 -1 -1
816276 2 1 1 5.76 757 11.9 8.1 70 0 -1 1 1 -1
816276 2 2 2 .14 24 10.02 6.85 52 0 -1 1 1 -1
816276 2 3 4 .02 4 7.85 5.93 31 0 -1 1 1 -1
816512 4 7 4 1 0 1 1 0 3
816512 1 262 0 2 12 139 13.06.2019 1 7277350 460150 104 988 3 1 4 0 0 1 0 0 0 0 0 0 0 0 0 0 0 -1 -1
816512 2 1 1 7.38 1078 10.84 7.82 49 0 -1 1 1 -1
816512 2 2 2 .21 42 9.43 6.78 42 0 -1 1 1 -1
816512 2 3 4 .06 11 8.08 6.71 37 0 -1 1 1 -1
816642 4 7 4 1 0 1 1 0 3
816642 1 263 477 2 12 615 13.06.2019 1 7277350 492150 132 960 3 1 4 0 0 1 0 2008 0 0 0 0 0 0 0 0 0 -1 -1
816642 2 1 1 8.5 622 16.11 11.55 55 0 -1 1 1 -1
816642 2 2 2 6.07 569 15.66 10.89 70 0 -1 1 1 -1
816642 2 3 4 .83 143 10.95 9.17 51 0 -1 1 1 -1
816660 4 7 3 1 0 1 1 0 3
816660 1 264 352.1 2 12 615 13.06.2019 1 7277350 493950 144 952 3 1 3 1 0 1 0 0 0 0 0 0 0 0 0 0 0 -1 -1
816660 2 1 1 6.72 869 11.75 8.32 58 0 -1 1 1 -1
816660 2 2 2 .85 129 11.16 7.87 51 0 -1 1 1 -1
816660 2 3 4 .22 25 12.04 9.58 35 0 -1 1 1 -1
816765 4 7 4 1 0 1 1 0 3
816765 1 265 0 2 12 139 13.06.2019 1 7277450 460250 104 988 3 1 4 0 0 1 0 0 0 0 0 0 0 0 0 0 0 -1 -1
816765 2 1 1 7.66 1119 10.78 7.84 50 0 -1 1 1 -1
816765 2 2 2 .17 38 8.39 6.28 39 0 -1 1 1 -1
816765 2 3 4 .05 10 7.93 6.9 27 0 -1 1 1 -1
817153 4 7 4 1 0 1 1 0 3
817153 1 266 478 2 12 615 13.06.2019 1 7277550 492050 132 960 3 1 4 0 0 1 0 0 0 0 0 0 0 0 0 0 0 -1 -1
817153 2 1 1 10.63 610 19.2 13.9 85 0 -1 1 1 -1
817153 2 2 2 .83 84 17.05 11.78 130 0 -1 1 1 -1
817153 2 3 4 .05 5 13.49 11.04 49 0 -1 1 1 -1
817154 4 7 4 1 0 1 1 0 3
817154 1 267 18.3 2 12 615 13.06.2019 1 7277550 492150 132 960 3 1 4 0 0 1 0 2006 0 0 0 0 0 2004 3 0 0 -1 -1
817154 2 1 1 12.38 758 17.44 13 79 0 -1 1 1 -1
817154 2 2 2 1.42 162 13.78 10.02 74 0 -1 1 1 -1
817154 2 3 4 1.51 195 12.17 10.03 57 0 -1 1 1 -1
817298 4 7 4 1 0 1 1 0 3
817298 1 268 0 2 12 139 13.06.2019 1 7277650 460250 104 988 3 1 4 0 0 1 2009 0 0 0 0 0 0 0 0 0 0 -1 -1
817298 2 1 1 5.01 684 11.12 8.01 46 0 -1 1 1 -1
817298 2 2 2 .81 132 10.2 7.23 34 0 -1 1 1 -1
817298 2 3 4 .13 22 10.32 8.52 29 0 -1 1 1 -1
817573 4 7 4 1 0 1 1 0 3
817573 1 269 0 2 12 139 13.06.2019 1 7277750 460050 104 988 3 1 4 0 0 1 2009 0 0 0 0 0 0 0 0 0 0 -1 -1
817573 2 1 1 1.34 304 5.71 4.95 15 0 -1 1 1 -1
817573 2 2 2 1.27 341 5.71 5.11 14 0 -1 1 1 -1
817573 2 3 4 .36 244 2.89 3.79 10 0 -1 1 1 -1
818307 4 7 4 1 0 1 1 0 3
818307 1 270 1.1 2 12 615 13.06.2019 1 7277950 494150 145 951 3 1 4 2 0 1 0 0 0 0 0 0 0 0 0 0 0 -1 -1
818307 2 1 1 4.42 578 11.75 8.26 86 0 -1 1 1 -1
818307 2 2 2 .15 34 9.28 6.98 73 0 -1 1 1 -1
818307 2 3 4 .02 4 8.4 6.92 30 0 -1 1 1 -1
818322 4 7 4 1 0 1 1 0 3
818322 1 271 1.2 2 12 615 13.06.2019 1 7277950 495650 130 957 3 1 4 1 0 1 0 2006 0 0 0 0 0 0 0 0 0 -1 -1
818322 2 1 1 8.33 792 14.57 9.89 83 0 -1 1 1 -1
818322 2 2 2 1.26 111 15.58 10.65 83 0 -1 1 1 -1
818322 2 3 4 .3 44 10.4 8.81 68 0 -1 1 1 -1
818476 4 7 4 1 0 1 1 0 3
818476 1 272 114 2 12 615 13.06.2019 1 7278050 470450 123 975 3 1 4 1 0 1 0 0 0 0 0 0 0 0 0 0 0 -1 -1
818476 2 1 1 4.79 637 11.64 7.84 69 0 -1 1 1 -1
818476 2 2 2 .1 15 10.03 7.41 56 0 -1 1 1 -1
818476 2 3 4 .02 3 7.64 7.8 28 0 -1 1 1 -1
819041 4 7 4 1 0 1 1 0 3
819041 1 273 0 2 12 615 13.06.2019 1 7278250 477350 126 970 3 1 4 0 0 1 0 0 0 0 0 0 0 0 0 0 0 -1 -1
819041 2 1 1 .57 97 9.77 6.92 61 0 -1 1 1 -1
819041 2 2 2 .01 1 8.37 6.49 20 0 -1 1 1 -1
819104 4 7 4 1 0 1 1 0 3
819104 1 274 31.7 2 12 615 13.06.2019 1 7278250 492950 147 953 3 1 4 0 0 1 0 0 0 0 0 0 0 2004 3 0 0 -1 -1
819104 2 1 1 12.91 711 17.76 13.5 74 0 -1 1 1 -1
819104 2 2 2 .86 152 10.56 7.86 89 0 -1 1 1 -1
819104 2 3 4 .24 41 9.16 7.12 69 0 -1 1 1 -1
819830 4 7 5 1 0 1 1 0 3
819830 1 275 32.8 2 12 615 13.06.2019 1 7278550 493150 147 953 3 1 5 1 0 1 0 0 0 0 0 0 0 2004 3 0 0 -1 -1
819830 2 1 1 5.54 672 12.95 8.47 80 0 -1 1 1 -1
819830 2 2 2 .19 29 11.63 8.03 34 0 -1 1 1 -1
819830 2 3 4 .1 13 11.91 9.19 29 0 -1 1 1 -1
819867 4 7 4 1 0 1 1 0 3
819867 1 276 374 2 12 615 13.06.2019 1 7278550 499250 143 951 3 1 4 2 0 1 0 0 0 0 0 0 0 0 0 0 0 -1 -1
819867 2 1 1 6.11 760 12.18 8.98 38 0 -1 1 1 -1
819867 2 2 2 1.67 189 13.69 8.59 49 0 -1 1 1 -1
819867 2 3 4 1.28 210 12.08 9.67 45 0 -1 1 1 -1
819900 4 7 4 1 0 1 1 0 3
819900 1 277 390.1 2 12 615 13.06.2019 1 7278550 502550 134 951 3 1 4 0 0 1 0 0 0 0 0 0 0 0 0 0 0 -1 -1
819900 2 1 1 6.27 496 17.95 11.55 104 0 -1 1 1 -1
819900 2 2 2 1.79 146 17.89 11.66 120 0 -1 1 1 -1
819900 2 3 4 .59 69 12.84 10.26 84 0 -1 1 1 -1
820288 4 7 7 1 0 6 1 0 3
820288 1 278 13.7 2 12 615 13.06.2019 1 7278750 493450 145 952 3 1 7 0 0 6 0 0 0 0 0 0 0 0 0 0 0 -1 -1
820288 2 1 1 9.49 872 14.33 10.39 70 0 -1 1 1 -1
820288 2 2 2 .33 64 10.4 7.71 56 0 -1 1 1 -1
820288 2 3 4 .05 11 8.17 8.3 27 0 -1 1 1 -1
820380 4 7 4 1 0 1 1 0 3
820380 1 279 406.2 2 12 139 13.06.2019 1 7278850 457250 105 987 3 1 4 0 0 1 0 0 0 0 0 2006 0 0 0 0 0 -1 -1
820380 2 1 1 2.91 429 11.06 7.68 72 0 -1 1 1 -1
820380 2 2 2 .09 12 11.71 8.1 29 0 -1 1 1 -1
820380 2 3 4 .08 11 10.85 8.17 30 0 -1 1 1 -1
821180 4 7 5 1 0 1 1 0 3
821180 1 280 333 2 12 615 13.06.2019 1 7279150 493150 147 951 3 1 5 0 0 1 0 0 0 0 0 0 0 0 0 0 0 -1 -1
821180 2 1 1 .06 9 5.96 5.08 15 0 -1 1 1 -1
821478 4 7 4 1 1 1 1 0 3
821478 1 281 336 2 12 615 13.06.2019 1 7279250 502650 138 948 3 1 4 2 1 1 0 0 0 0 0 0 0 0 0 0 0 -1 -1
821478 2 1 4 2.11 246 12.84 10.08 58 0 -1 1 1 -1
821478 2 2 1 6.52 571 15.02 10.8 57 0 -1 1 1 -1
821478 2 3 2 4.76 491 14.4 9.49 63 0 -1 1 1 -1
821479 4 7 4 1 1 1 1 0 3
821479 1 282 336 2 12 615 13.06.2019 1 7279250 502750 138 948 3 1 4 2 1 1 0 0 0 0 0 0 0 0 0 0 0 -1 -1
821479 2 1 1 2.52 336 12.32 8.81 39 0 -1 1 1 -1
821479 2 2 2 4.68 433 15.57 9.79 41 0 -1 1 1 -1
821479 2 3 4 2.91 360 12.42 10.3 35 0 -1 1 1 -1
821518 4 7 4 1 0 1 1 0 3
821518 1 283 104.3 2 12 615 13.06.2019 1 7279350 469150 127 974 3 1 4 0 0 1 0 0 0 0 0 0 0 0 0 0 0 -1 -1
821518 2 1 1 8.23 964 13.32 9.35 72 0 -1 1 1 -1
821518 2 2 2 .31 48 13.69 9.19 103 0 -1 1 1 -1
821518 2 3 4 .04 8 8.31 7.42 45 0 -1 1 1 -1
821554 4 7 4 1 0 1 1 0 3
821554 1 284 27 2 12 615 13.06.2019 1 7279350 473750 128 971 3 1 4 0 0 1 0 0 0 0 0 0 0 0 0 0 0 -1 -1
821554 2 1 1 1.48 199 5 4.5 15 0 -1 1 1 -1
821731 4 7 4 1 0 1 1 0 3
821731 1 285 104.3 2 12 615 13.06.2019 1 7279450 469150 127 974 3 1 4 0 0 1 0 0 0 0 0 0 0 0 0 0 0 -1 -1
821731 2 1 2 .29 61 9.33 7.14 57 0 -1 1 1 -1
821731 2 2 4 .07 14 9.38 8.27 52 0 -1 1 1 -1
821731 2 3 1 6.12 658 13.63 9.49 82 0 -1 1 1 -1
822135 4 7 5 1 0 1 1 0 3
822135 1 286 317.21 2 12 615 13.06.2019 1 7279550 502350 138 948 3 1 5 0 0 1 0 0 0 0 0 2001 0 0 0 0 0 -1 -1
822135 2 1 1 5.48 634 12.94 9.15 64 0 -1 1 1 -1
822135 2 2 2 .47 60 13.61 8.69 52 0 -1 1 1 -1
822135 2 3 4 .35 33 13.01 9.87 45 0 -1 1 1 -1
822139 4 7 5 1 0 1 1 0 3
822139 1 287 1.8 2 12 615 13.06.2019 1 7279550 502750 138 948 3 1 5 0 0 1 0 0 0 0 0 2001 0 0 0 0 0 -1 -1
822139 2 1 1 9.26 1038 12.55 8.78 64 0 -1 1 1 -1
822139 2 2 2 .82 136 10.25 7.04 58 0 -1 1 1 -1
822139 2 3 4 .18 17 14.23 8.37 53 0 -1 1 1 -1
822194 4 7 4 1 0 1 1 0 3
822194 1 288 95.2 2 12 615 13.06.2019 1 7279650 469450 125 973 3 1 4 2 0 1 0 0 0 0 0 2007 0 0 0 0 0 -1 -1
822194 2 1 1 7.19 814 12.68 8.87 79 0 -1 1 1 -1
822194 2 2 2 .25 48 9.55 6.79 56 0 -1 1 1 -1
822194 2 3 4 .1 10 14.98 7.68 45 0 -1 1 1 -1
822730 4 7 4 1 0 1 1 0 3
822730 1 289 20.3 2 12 615 13.06.2019 1 7279850 493750 146 950 3 1 4 2 0 1 0 0 0 0 0 0 0 0 0 0 0 -1 -1
822730 2 1 1 5.52 684 12.41 8.28 95 0 -1 1 1 -1
822730 2 2 2 .08 16 8.85 6.57 59 0 -1 1 1 -1
822730 2 3 4 .07 7 12.57 9.46 30 0 -1 1 1 -1
823515 4 7 4 1 0 1 1 0 3
823515 1 290 1 2 12 615 13.06.2019 1 7280250 472850 134 968 3 1 4 1 0 1 0 0 0 0 0 0 0 0 0 0 0 -1 -1
823515 2 1 2 .7 95 11.63 8.11 41 0 -1 1 1 -1
823515 2 2 4 .24 29 11.87 9.68 25 0 -1 1 1 -1
823515 2 3 1 2.71 321 13.08 8.74 60 0 -1 1 1 -1
823570 4 7 7 1 0 1 1 0 3
823570 1 291 23.2 2 12 615 13.06.2019 1 7280250 491950 146 952 3 1 7 0 0 1 0 0 0 0 0 0 0 0 0 0 0 -1 -1
823570 2 1 1 7.12 635 14.74 10.31 77 0 -1 1 1 -1
823570 2 2 2 2.12 241 14.28 9.95 100 0 -1 1 1 -1
823570 2 3 4 .42 58 11.45 9.31 72 0 -1 1 1 -1
823806 4 7 4 1 0 1 1 0 3
823806 1 292 276.1 2 12 615 13.06.2019 1 7280350 492350 152 949 3 1 4 0 0 1 0 0 0 0 0 0 0 0 0 0 0 -1 -1
823806 2 1 1 10.02 826 15.07 10.84 74 0 -1 1 1 -1
823806 2 2 2 .44 63 13.31 8.93 70 0 -1 1 1 -1
823806 2 3 4 .15 23 10.49 8.59 53 0 -1 1 1 -1
823931 4 7 4 1 0 1 1 0 3
823931 1 293 340 2 12 139 13.06.2019 1 7280450 458950 113 983 3 1 4 0 0 1 0 0 0 0 0 0 0 0 0 0 0 -1 -1
823931 2 1 1 3.43 448 11.58 8.31 54 0 -1 1 1 -1
823931 2 2 2 .24 42 9.71 6.95 54 0 -1 1 1 -1
823931 2 3 4 .05 7 12.58 7.49 50 0 -1 1 1 -1
824067 4 7 4 1 0 1 1 0 3
824067 1 294 323.1 2 12 615 13.06.2019 1 7280450 494050 152 948 3 1 4 0 0 1 0 0 0 0 0 0 0 0 0 0 0 -1 -1
824067 2 1 1 4.83 693 11.07 8.04 40 0 -1 1 1 -1
824067 2 2 2 4.2 577 11.04 7.95 29 0 -1 1 1 -1
824067 2 3 4 .76 171 10.46 8.71 27 0 -1 1 1 -1
824246 4 7 4 1 0 1 1 0 3
824246 1 295 188 2 12 615 13.06.2019 1 7280550 482550 129 964 3 1 4 2 0 1 0 0 0 0 0 0 0 0 0 0 0 -1 -1
824246 2 1 4 .96 117 12.73 9.22 57 0 -1 1 1 -1
824246 2 2 1 10.15 863 14.2 10.56 70 0 -1 1 1 -1
824246 2 3 2 .68 115 10.7 8.02 60 0 -1 1 1 -1
824260 4 7 7 1 0 6 1 0 3
824260 1 296 4.7 2 12 615 13.06.2019 1 7280550 488050 147 957 3 1 7 0 0 6 0 0 0 0 0 0 0 0 0 0 0 -1 -1
824260 2 1 1 1.2 114 14.69 11.14 87 0 -1 1 1 -1
824260 2 2 2 .03 7 8.07 6.64 36 0 -1 1 1 -1
824260 2 3 4 .01 4 6.24 7.65 20 0 -1 1 1 -1
824577 4 7 4 1 0 1 1 0 3
824577 1 297 311.33 2 12 615 13.06.2019 1 7280650 493850 155 947 3 1 4 1 0 1 0 0 0 0 0 0 0 0 0 0 0 -1 -1
824577 2 1 1 7.69 928 12.04 8.81 50 0 -1 1 1 -1
824577 2 2 2 .65 123 9.71 6.87 56 0 -1 1 1 -1
824577 2 3 4 .22 26 12.78 8.46 40 0 -1 1 1 -1
824660 4 7 4 1 0 1 1 0 3
824660 1 298 14.5 2 12 615 13.06.2019 1 7280650 503150 141 946 3 1 4 2 0 1 0 0 0 0 0 0 0 0 0 0 0 -1 -1
824660 2 1 1 7.73 770 13.58 9.8 70 0 -1 1 1 -1
824660 2 2 2 1.03 135 13.51 9.1 58 0 -1 1 1 -1
824660 2 3 4 .57 78 11.89 8.6 58 0 -1 1 1 -1
825681 4 7 4 1 0 6 1 0 3
825681 1 299 342.14 2 12 615 13.06.2019 1 7281050 497350 141 949 3 1 4 0 0 6 0 0 0 0 0 0 0 0 0 0 0 -1 -1
825681 2 1 1 4.35 486 13.19 8.67 89 0 -1 1 1 -1
825681 2 2 2 .62 82 12.75 9.28 115 0 -1 1 1 -1
825681 2 3 4 .07 11 9.35 7.45 72 0 -1 1 1 -1
825751 4 7 7 1 0 6 1 0 3
825751 1 300 1.8 2 12 615 13.06.2019 1 7281050 505250 173 935 3 1 7 0 0 6 0 0 0 0 0 0 0 0 0 0 0 -1 -1
825751 2 1 1 .67 54 5.8 5 15 0 -1 1 1 -1
826005 4 7 4 1 0 1 1 0 3
826005 1 301 283.2 2 12 615 13.06.2019 1 7281150 504550 155 941 3 1 4 0 0 1 0 0 0 0 0 0 0 0 0 0 0 -1 -1
826005 2 1 1 10.55 781 15.62 11.41 50 0 -1 1 1 -1
826005 2 2 2 1.52 150 13.79 10.1 61 0 -1 1 1 -1
826005 2 3 4 .47 58 12.45 10.82 38 0 -1 1 1 -1
826013 4 7 7 1 0 6 1 0 3
826013 1 302 1.8 2 12 615 13.06.2019 1 7281150 505350 168 935 3 1 7 0 0 6 0 0 0 0 0 0 0 0 0 0 0 -1 -1
826013 2 1 1 .67 54 5.8 5 15 0 -1 1 1 -1
826091 4 7 3 1 0 1 1 0 3
826091 1 303 143 2 12 615 13.06.2019 1 7281250 473450 135 967 3 1 3 0 0 1 0 0 0 0 0 0 0 0 0 0 0 -1 -1
826091 2 1 1 6.68 695 13.14 9.48 76 0 -1 1 1 -1
826091 2 2 2 3.53 321 14.69 10.37 111 0 -1 1 1 -1
826091 2 3 4 .72 112 10.26 8.84 63 0 -1 1 1 -1
826273 4 7 7 1 0 6 1 0 3
826273 1 304 270.3 2 12 615 13.06.2019 1 7281250 505350 164 935 3 1 7 0 0 6 0 0 0 0 0 0 0 0 0 0 0 -1 -1
826273 2 1 1 11.45 566 20.91 14.68 108 0 -1 1 1 -1
826273 2 2 2 4.36 335 16.57 12.06 143 0 -1 1 1 -1
826273 2 3 4 .61 49 18.85 13.2 132 0 -1 1 1 -1
826764 4 7 4 1 0 1 1 0 3
826764 1 305 309.2 2 12 615 13.06.2019 1 7281450 502050 150 943 3 1 4 2 0 1 0 0 0 0 0 0 0 0 0 0 0 -1 -1
826764 2 1 1 3.51 486 12.23 8.53 63 0 -1 1 1 -1
826764 2 2 2 .58 123 9.22 6.69 38 0 -1 1 1 -1
826764 2 3 4 .64 71 12.93 10.03 39 0 -1 1 1 -1
826959 4 7 4 1 0 6 1 0 3
826959 1 306 311.31 2 12 615 13.06.2019 1 7281550 493750 165 942 3 1 4 1 0 6 0 0 0 0 0 0 0 0 0 0 0 -1 -1
826959 2 1 1 4.55 663 12 7.67 91 0 -1 1 1 -1
826959 2 2 2 .06 18 6.79 4.85 22 0 -1 1 1 -1
826959 2 3 4 .38 24 14.26 10.73 30 0 -1 1 1 -1
827898 4 7 7 1 0 6 1 0 3
827898 1 307 13.1 2 12 615 13.06.2019 1 7281950 488950 170 942 3 1 7 0 0 6 0 0 0 0 0 0 0 0 0 0 0 -1 -1
827898 2 1 1 3.34 354 16.5 11.54 90 0 -1 1 1 -1
827898 2 2 2 .99 75 15.46 12.23 117 0 -1 1 1 -1
827898 2 3 4 .23 10 27.2 18.09 173 0 -1 1 1 -1
828220 4 7 4 1 0 2 1 0 3
828220 1 308 338 2 12 615 13.06.2019 1 7282050 497050 157 943 3 1 4 1 0 2 0 0 0 0 0 0 0 0 0 0 0 -1 -1
828220 2 1 1 .43 65 10.49 7.26 58 0 -1 1 1 -1
828220 2 2 2 .01 1 8.07 6.18 20 0 -1 1 1 -1
828220 2 3 4 .01 1 8.01 6.03 30 0 -1 1 1 -1
828610 4 7 5 1 0 1 1 0 3
828610 1 309 185.33 2 12 615 13.06.2019 1 7282250 488650 161 947 3 1 5 1 0 1 0 0 0 0 0 0 0 0 0 0 0 -1 -1
828610 2 1 1 6.34 788 12.15 8.48 64 0 -1 1 1 -1
828610 2 2 2 .41 73 9.98 6.99 40 0 -1 1 1 -1
828610 2 3 4 .04 8 7.89 6.64 29 0 -1 1 1 -1
828758 4 7 4 1 0 1 1 0 3
828758 1 310 1 2 12 139 13.06.2019 1 7282350 455250 109 985 3 1 4 3 0 1 0 0 0 0 0 0 0 0 0 0 0 -1 -1
828758 2 1 1 1.85 228 12.63 8.21 106 0 -1 1 1 -1
828758 2 2 4 .02 4 8.01 6.03 30 0 -1 1 1 -1
829129 4 7 7 1 0 3 1 0 3
829129 1 311 28.1 2 12 615 13.06.2019 1 7282450 494850 162 941 3 1 7 0 0 3 0 0 0 0 0 0 0 0 0 0 0 -1 -1
829129 2 1 1 7.91 725 13.88 10.3 66 0 -1 1 1 -1
829129 2 2 2 .57 85 11.16 8.22 59 0 -1 1 1 -1
829129 2 3 4 .31 36 13.53 8.95 55 0 -1 1 1 -1
831063 4 7 3 1 0 1 1 0 3
831063 1 312 206.12 2 12 615 13.06.2019 1 7283250 499750 142 946 3 1 3 0 0 1 0 0 0 0 0 0 0 0 0 0 0 -1 -1
831063 2 1 1 10.44 933 14.43 10.63 61 0 -1 1 1 -1
831063 2 2 2 1.19 147 12.11 8.62 102 0 -1 1 1 -1
831063 2 3 4 .27 33 12.95 10.44 81 0 -1 1 1 -1
831067 4 7 3 1 0 1 1 0 3
831067 1 313 206.11 2 12 615 13.06.2019 1 7283250 500150 142 946 3 1 3 0 0 1 0 0 0 0 0 0 0 0 0 0 0 -1 -1
831067 2 1 1 9.66 881 14.18 10.3 69 0 -1 1 1 -1
831067 2 2 2 1.65 196 13.05 8.35 100 0 -1 1 1 -1
831067 2 3 4 .62 89 10.67 8.85 66 0 -1 1 1 -1
831293 4 7 4 1 0 1 1 0 3
831293 1 314 7.9 2 12 615 13.06.2019 1 7283350 494150 170 937 3 1 4 1 0 1 0 0 0 0 0 0 0 0 0 0 0 -1 -1
831293 2 1 1 8.22 854 13.63 9.7 72 0 -1 1 1 -1
831293 2 2 2 .25 51 9.4 6.86 72 0 -1 1 1 -1
831293 2 3 4 .09 17 8.82 7.88 45 0 -1 1 1 -1
831857 4 7 3 1 0 2 1 0 3
831857 1 315 129.1 2 12 615 13.06.2019 1 7283550 498550 145 944 3 1 3 0 0 2 0 2009 0 0 0 0 0 2008 3 0 0 -1 -1
831857 2 1 1 9.91 905 14.24 10.32 69 0 -1 1 1 -1
831857 2 2 2 1.06 111 14.84 10.3 57 0 -1 1 1 -1
831857 2 3 4 .63 71 12.54 9.56 63 0 -1 1 1 -1
832663 4 7 4 1 0 1 1 0 3
832663 1 316 217 2 12 615 13.06.2019 1 7283850 504350 150 938 3 1 4 0 0 1 0 0 0 0 0 0 0 0 0 0 0 -1 -1
832663 2 1 1 5.86 668 13.99 9.01 102 0 -1 1 1 -1
832663 2 2 2 .05 15 7.19 5.09 31 0 -1 1 1 -1
832663 2 3 4 .13 12 13.17 9.93 31 0 -1 1 1 -1
